# E.W. Lemmon, M.O. McLinden and D.G. Friend, "Thermophysical Properties of Fluid Systems" in NIST Chemistry WebBook, NIST Standard Reference Database Number 69, Eds. P.J. Linstrom and W.G. Mallard, National Institute of Standards and Technology, Gaithersburg MD, 20899, http://webbook.nist.gov, (retrieved May 30, 2016).
#Temperature (K)	Pressure (MPa)	Density (mol/m3)	Volume (m3/mol)	Internal Energy (kJ/mol)	Enthalpy (kJ/mol)	Entropy (J/mol*K)	Cv (J/mol*K)	Cp (J/mol*K)	Sound Spd. (m/s)	Joule-Thomson (K/MPa)	Viscosity (uPa*s)	Therm. Cond. (W/m*K)	Phase  Ratio_of_specific_heat
1.396e+01	1.000e-03	8.635e+00	1.158e-01	6.940e-01	8.098e-01	7.610e+01	1.249e+01	2.085e+01	3.094e+02	2.823e+01	6.613e-01	1.028e-02	vapor	1.670e+00
1.560e+01	1.000e-03	7.722e+00	1.295e-01	7.146e-01	8.441e-01	7.842e+01	1.248e+01	2.083e+01	3.272e+02	2.380e+01	7.788e-01	1.207e-02	vapor	1.669e+00
1.724e+01	1.000e-03	6.984e+00	1.432e-01	7.351e-01	8.783e-01	8.051e+01	1.248e+01	2.082e+01	3.441e+02	2.056e+01	8.786e-01	1.356e-02	vapor	1.669e+00
1.889e+01	1.000e-03	6.374e+00	1.569e-01	7.557e-01	9.125e-01	8.240e+01	1.247e+01	2.081e+01	3.601e+02	1.815e+01	9.702e-01	1.495e-02	vapor	1.668e+00
2.053e+01	1.000e-03	5.863e+00	1.706e-01	7.762e-01	9.467e-01	8.414e+01	1.247e+01	2.081e+01	3.755e+02	1.627e+01	1.058e+00	1.632e-02	vapor	1.668e+00
2.217e+01	1.000e-03	5.428e+00	1.842e-01	7.967e-01	9.809e-01	8.574e+01	1.247e+01	2.080e+01	3.903e+02	1.475e+01	1.144e+00	1.769e-02	vapor	1.668e+00
2.382e+01	1.000e-03	5.053e+00	1.979e-01	8.172e-01	1.015e+00	8.723e+01	1.247e+01	2.080e+01	4.045e+02	1.347e+01	1.229e+00	1.906e-02	vapor	1.668e+00
2.546e+01	1.000e-03	4.726e+00	2.116e-01	8.377e-01	1.049e+00	8.862e+01	1.247e+01	2.080e+01	4.183e+02	1.237e+01	1.314e+00	2.042e-02	vapor	1.668e+00
2.710e+01	1.000e-03	4.439e+00	2.253e-01	8.582e-01	1.083e+00	8.992e+01	1.247e+01	2.080e+01	4.316e+02	1.140e+01	1.398e+00	2.176e-02	vapor	1.667e+00
2.875e+01	1.000e-03	4.185e+00	2.389e-01	8.787e-01	1.118e+00	9.114e+01	1.247e+01	2.080e+01	4.445e+02	1.055e+01	1.481e+00	2.308e-02	vapor	1.667e+00
3.039e+01	1.000e-03	3.959e+00	2.526e-01	8.992e-01	1.152e+00	9.230e+01	1.247e+01	2.080e+01	4.570e+02	9.796e+00	1.563e+00	2.438e-02	vapor	1.667e+00
3.203e+01	1.000e-03	3.756e+00	2.663e-01	9.197e-01	1.186e+00	9.339e+01	1.247e+01	2.080e+01	4.692e+02	9.120e+00	1.645e+00	2.565e-02	vapor	1.667e+00
3.368e+01	1.000e-03	3.572e+00	2.799e-01	9.402e-01	1.220e+00	9.443e+01	1.247e+01	2.079e+01	4.811e+02	8.514e+00	1.725e+00	2.689e-02	vapor	1.667e+00
3.532e+01	1.000e-03	3.406e+00	2.936e-01	9.607e-01	1.254e+00	9.542e+01	1.247e+01	2.079e+01	4.927e+02	7.967e+00	1.804e+00	2.811e-02	vapor	1.667e+00
3.697e+01	1.000e-03	3.254e+00	3.073e-01	9.812e-01	1.288e+00	9.637e+01	1.247e+01	2.079e+01	5.040e+02	7.473e+00	1.882e+00	2.930e-02	vapor	1.667e+00
3.861e+01	1.000e-03	3.116e+00	3.210e-01	1.002e+00	1.323e+00	9.727e+01	1.247e+01	2.079e+01	5.151e+02	7.024e+00	1.959e+00	3.046e-02	vapor	1.667e+00
4.025e+01	1.000e-03	2.989e+00	3.346e-01	1.022e+00	1.357e+00	9.814e+01	1.248e+01	2.080e+01	5.260e+02	6.616e+00	2.034e+00	3.160e-02	vapor	1.667e+00
4.190e+01	1.000e-03	2.871e+00	3.483e-01	1.043e+00	1.391e+00	9.897e+01	1.248e+01	2.080e+01	5.366e+02	6.242e+00	2.109e+00	3.272e-02	vapor	1.667e+00
4.354e+01	1.000e-03	2.763e+00	3.619e-01	1.063e+00	1.425e+00	9.977e+01	1.248e+01	2.080e+01	5.470e+02	5.900e+00	2.182e+00	3.382e-02	vapor	1.666e+00
4.518e+01	1.000e-03	2.662e+00	3.756e-01	1.084e+00	1.459e+00	1.005e+02	1.249e+01	2.080e+01	5.571e+02	5.585e+00	2.254e+00	3.491e-02	vapor	1.666e+00
4.683e+01	1.000e-03	2.569e+00	3.893e-01	1.104e+00	1.494e+00	1.013e+02	1.249e+01	2.081e+01	5.671e+02	5.295e+00	2.325e+00	3.598e-02	vapor	1.666e+00
4.847e+01	1.000e-03	2.482e+00	4.030e-01	1.125e+00	1.528e+00	1.020e+02	1.250e+01	2.082e+01	5.769e+02	5.027e+00	2.394e+00	3.704e-02	vapor	1.665e+00
5.011e+01	1.000e-03	2.400e+00	4.166e-01	1.145e+00	1.562e+00	1.027e+02	1.251e+01	2.083e+01	5.865e+02	4.777e+00	2.463e+00	3.809e-02	vapor	1.665e+00
5.176e+01	1.000e-03	2.324e+00	4.303e-01	1.166e+00	1.596e+00	1.034e+02	1.252e+01	2.084e+01	5.960e+02	4.546e+00	2.530e+00	3.914e-02	vapor	1.664e+00
5.340e+01	1.000e-03	2.252e+00	4.440e-01	1.187e+00	1.631e+00	1.040e+02	1.254e+01	2.085e+01	6.052e+02	4.330e+00	2.597e+00	4.017e-02	vapor	1.664e+00
5.504e+01	1.000e-03	2.185e+00	4.576e-01	1.207e+00	1.665e+00	1.047e+02	1.255e+01	2.087e+01	6.143e+02	4.128e+00	2.662e+00	4.120e-02	vapor	1.663e+00
5.669e+01	1.000e-03	2.122e+00	4.713e-01	1.228e+00	1.699e+00	1.053e+02	1.257e+01	2.089e+01	6.232e+02	3.939e+00	2.727e+00	4.223e-02	vapor	1.661e+00
5.833e+01	1.000e-03	2.062e+00	4.849e-01	1.248e+00	1.734e+00	1.059e+02	1.259e+01	2.091e+01	6.320e+02	3.762e+00	2.790e+00	4.325e-02	vapor	1.660e+00
5.997e+01	1.000e-03	2.006e+00	4.986e-01	1.269e+00	1.768e+00	1.065e+02	1.262e+01	2.094e+01	6.405e+02	3.595e+00	2.853e+00	4.427e-02	vapor	1.659e+00
6.162e+01	1.000e-03	1.952e+00	5.123e-01	1.290e+00	1.802e+00	1.070e+02	1.265e+01	2.097e+01	6.490e+02	3.438e+00	2.915e+00	4.529e-02	vapor	1.657e+00
6.326e+01	1.000e-03	1.901e+00	5.260e-01	1.311e+00	1.837e+00	1.076e+02	1.268e+01	2.100e+01	6.572e+02	3.289e+00	2.976e+00	4.631e-02	vapor	1.656e+00
6.490e+01	1.000e-03	1.853e+00	5.396e-01	1.332e+00	1.871e+00	1.081e+02	1.272e+01	2.104e+01	6.653e+02	3.149e+00	3.036e+00	4.733e-02	vapor	1.654e+00
6.655e+01	1.000e-03	1.807e+00	5.533e-01	1.353e+00	1.906e+00	1.086e+02	1.276e+01	2.107e+01	6.733e+02	3.016e+00	3.095e+00	4.836e-02	vapor	1.652e+00
6.819e+01	1.000e-03	1.764e+00	5.669e-01	1.374e+00	1.941e+00	1.092e+02	1.280e+01	2.112e+01	6.811e+02	2.890e+00	3.154e+00	4.938e-02	vapor	1.650e+00
6.983e+01	1.000e-03	1.722e+00	5.806e-01	1.395e+00	1.975e+00	1.097e+02	1.285e+01	2.117e+01	6.887e+02	2.771e+00	3.212e+00	5.040e-02	vapor	1.647e+00
7.148e+01	1.000e-03	1.683e+00	5.943e-01	1.416e+00	2.010e+00	1.101e+02	1.290e+01	2.122e+01	6.962e+02	2.657e+00	3.270e+00	5.134e-02	vapor	1.645e+00
7.312e+01	1.000e-03	1.645e+00	6.079e-01	1.437e+00	2.045e+00	1.106e+02	1.296e+01	2.127e+01	7.036e+02	2.549e+00	3.326e+00	5.227e-02	vapor	1.642e+00
7.476e+01	1.000e-03	1.609e+00	6.216e-01	1.458e+00	2.080e+00	1.111e+02	1.302e+01	2.133e+01	7.109e+02	2.446e+00	3.382e+00	5.320e-02	vapor	1.639e+00
7.641e+01	1.000e-03	1.574e+00	6.353e-01	1.480e+00	2.115e+00	1.116e+02	1.308e+01	2.139e+01	7.180e+02	2.348e+00	3.438e+00	5.413e-02	vapor	1.636e+00
7.805e+01	1.000e-03	1.541e+00	6.489e-01	1.502e+00	2.150e+00	1.120e+02	1.314e+01	2.146e+01	7.250e+02	2.254e+00	3.493e+00	5.509e-02	vapor	1.633e+00
7.969e+01	1.000e-03	1.509e+00	6.626e-01	1.523e+00	2.186e+00	1.125e+02	1.321e+01	2.153e+01	7.318e+02	2.164e+00	3.547e+00	5.602e-02	vapor	1.629e+00
8.134e+01	1.000e-03	1.479e+00	6.763e-01	1.545e+00	2.221e+00	1.129e+02	1.328e+01	2.160e+01	7.385e+02	2.079e+00	3.601e+00	5.695e-02	vapor	1.626e+00
8.298e+01	1.000e-03	1.449e+00	6.899e-01	1.567e+00	2.257e+00	1.133e+02	1.336e+01	2.167e+01	7.452e+02	1.997e+00	3.655e+00	5.789e-02	vapor	1.623e+00
8.462e+01	1.000e-03	1.421e+00	7.036e-01	1.589e+00	2.292e+00	1.138e+02	1.343e+01	2.175e+01	7.517e+02	1.919e+00	3.708e+00	5.883e-02	vapor	1.619e+00
8.627e+01	1.000e-03	1.394e+00	7.173e-01	1.611e+00	2.328e+00	1.142e+02	1.351e+01	2.183e+01	7.581e+02	1.844e+00	3.760e+00	5.977e-02	vapor	1.615e+00
8.791e+01	1.000e-03	1.368e+00	7.309e-01	1.633e+00	2.364e+00	1.146e+02	1.360e+01	2.191e+01	7.644e+02	1.772e+00	3.812e+00	6.070e-02	vapor	1.612e+00
8.955e+01	1.000e-03	1.343e+00	7.446e-01	1.656e+00	2.400e+00	1.150e+02	1.368e+01	2.200e+01	7.706e+02	1.704e+00	3.864e+00	6.163e-02	vapor	1.608e+00
9.120e+01	1.000e-03	1.319e+00	7.582e-01	1.678e+00	2.436e+00	1.154e+02	1.377e+01	2.208e+01	7.767e+02	1.638e+00	3.915e+00	6.263e-02	vapor	1.604e+00
9.284e+01	1.000e-03	1.296e+00	7.719e-01	1.701e+00	2.473e+00	1.158e+02	1.386e+01	2.217e+01	7.828e+02	1.575e+00	3.966e+00	6.364e-02	vapor	1.600e+00
9.448e+01	1.000e-03	1.273e+00	7.856e-01	1.724e+00	2.509e+00	1.162e+02	1.395e+01	2.226e+01	7.887e+02	1.514e+00	4.016e+00	6.466e-02	vapor	1.596e+00
9.613e+01	1.000e-03	1.251e+00	7.992e-01	1.747e+00	2.546e+00	1.166e+02	1.404e+01	2.235e+01	7.946e+02	1.456e+00	4.066e+00	6.568e-02	vapor	1.592e+00
9.777e+01	1.000e-03	1.230e+00	8.129e-01	1.770e+00	2.583e+00	1.170e+02	1.413e+01	2.244e+01	8.003e+02	1.400e+00	4.116e+00	6.669e-02	vapor	1.589e+00
9.941e+01	1.000e-03	1.210e+00	8.266e-01	1.793e+00	2.620e+00	1.173e+02	1.422e+01	2.254e+01	8.060e+02	1.347e+00	4.165e+00	6.771e-02	vapor	1.585e+00
1.011e+02	1.000e-03	1.190e+00	8.402e-01	1.817e+00	2.657e+00	1.177e+02	1.432e+01	2.263e+01	8.117e+02	1.295e+00	4.214e+00	6.878e-02	vapor	1.581e+00
1.027e+02	1.000e-03	1.171e+00	8.539e-01	1.840e+00	2.694e+00	1.181e+02	1.441e+01	2.273e+01	8.173e+02	1.246e+00	4.263e+00	6.987e-02	vapor	1.577e+00
1.043e+02	1.000e-03	1.153e+00	8.676e-01	1.864e+00	2.732e+00	1.184e+02	1.451e+01	2.283e+01	8.228e+02	1.198e+00	4.311e+00	7.096e-02	vapor	1.573e+00
1.060e+02	1.000e-03	1.135e+00	8.812e-01	1.888e+00	2.769e+00	1.188e+02	1.461e+01	2.292e+01	8.282e+02	1.152e+00	4.359e+00	7.206e-02	vapor	1.569e+00
1.076e+02	1.000e-03	1.117e+00	8.949e-01	1.912e+00	2.807e+00	1.191e+02	1.471e+01	2.302e+01	8.336e+02	1.108e+00	4.407e+00	7.315e-02	vapor	1.565e+00
1.093e+02	1.000e-03	1.101e+00	9.086e-01	1.936e+00	2.845e+00	1.195e+02	1.480e+01	2.312e+01	8.390e+02	1.066e+00	4.454e+00	7.424e-02	vapor	1.562e+00
1.109e+02	1.000e-03	1.084e+00	9.222e-01	1.961e+00	2.883e+00	1.198e+02	1.490e+01	2.322e+01	8.442e+02	1.025e+00	4.501e+00	7.533e-02	vapor	1.558e+00
1.126e+02	1.000e-03	1.069e+00	9.359e-01	1.985e+00	2.921e+00	1.202e+02	1.500e+01	2.331e+01	8.495e+02	9.856e-01	4.548e+00	7.640e-02	vapor	1.554e+00
1.142e+02	1.000e-03	1.053e+00	9.496e-01	2.010e+00	2.959e+00	1.205e+02	1.510e+01	2.341e+01	8.547e+02	9.477e-01	4.595e+00	7.747e-02	vapor	1.551e+00
1.158e+02	1.000e-03	1.038e+00	9.632e-01	2.035e+00	2.998e+00	1.208e+02	1.520e+01	2.351e+01	8.598e+02	9.112e-01	4.641e+00	7.854e-02	vapor	1.547e+00
1.175e+02	1.000e-03	1.024e+00	9.769e-01	2.060e+00	3.037e+00	1.212e+02	1.529e+01	2.361e+01	8.649e+02	8.760e-01	4.687e+00	7.962e-02	vapor	1.544e+00
1.191e+02	1.000e-03	1.010e+00	9.906e-01	2.085e+00	3.076e+00	1.215e+02	1.539e+01	2.370e+01	8.700e+02	8.420e-01	4.733e+00	8.069e-02	vapor	1.540e+00
1.208e+02	1.000e-03	9.958e-01	1.004e+00	2.111e+00	3.115e+00	1.218e+02	1.549e+01	2.380e+01	8.750e+02	8.093e-01	4.779e+00	8.177e-02	vapor	1.537e+00
1.224e+02	1.000e-03	9.824e-01	1.018e+00	2.136e+00	3.154e+00	1.222e+02	1.558e+01	2.390e+01	8.800e+02	7.776e-01	4.824e+00	8.286e-02	vapor	1.534e+00
1.241e+02	1.000e-03	9.694e-01	1.032e+00	2.162e+00	3.193e+00	1.225e+02	1.568e+01	2.399e+01	8.849e+02	7.471e-01	4.869e+00	8.395e-02	vapor	1.530e+00
1.257e+02	1.000e-03	9.567e-01	1.045e+00	2.188e+00	3.233e+00	1.228e+02	1.577e+01	2.409e+01	8.898e+02	7.176e-01	4.914e+00	8.503e-02	vapor	1.527e+00
1.273e+02	1.000e-03	9.444e-01	1.059e+00	2.213e+00	3.272e+00	1.231e+02	1.587e+01	2.418e+01	8.947e+02	6.891e-01	4.959e+00	8.612e-02	vapor	1.524e+00
1.290e+02	1.000e-03	9.324e-01	1.073e+00	2.240e+00	3.312e+00	1.234e+02	1.596e+01	2.428e+01	8.995e+02	6.616e-01	5.003e+00	8.722e-02	vapor	1.521e+00
1.306e+02	1.000e-03	9.206e-01	1.086e+00	2.266e+00	3.352e+00	1.237e+02	1.605e+01	2.437e+01	9.044e+02	6.350e-01	5.048e+00	8.830e-02	vapor	1.518e+00
1.323e+02	1.000e-03	9.092e-01	1.100e+00	2.292e+00	3.392e+00	1.240e+02	1.615e+01	2.446e+01	9.091e+02	6.093e-01	5.092e+00	8.937e-02	vapor	1.515e+00
1.339e+02	1.000e-03	8.981e-01	1.113e+00	2.319e+00	3.433e+00	1.243e+02	1.624e+01	2.455e+01	9.139e+02	5.844e-01	5.136e+00	9.045e-02	vapor	1.512e+00
1.356e+02	1.000e-03	8.872e-01	1.127e+00	2.346e+00	3.473e+00	1.246e+02	1.633e+01	2.464e+01	9.186e+02	5.603e-01	5.179e+00	9.152e-02	vapor	1.509e+00
1.372e+02	1.000e-03	8.765e-01	1.141e+00	2.373e+00	3.514e+00	1.249e+02	1.641e+01	2.473e+01	9.234e+02	5.370e-01	5.223e+00	9.260e-02	vapor	1.507e+00
1.389e+02	1.000e-03	8.662e-01	1.155e+00	2.400e+00	3.554e+00	1.252e+02	1.650e+01	2.482e+01	9.280e+02	5.144e-01	5.266e+00	9.367e-02	vapor	1.504e+00
1.405e+02	1.000e-03	8.560e-01	1.168e+00	2.427e+00	3.595e+00	1.255e+02	1.659e+01	2.491e+01	9.327e+02	4.925e-01	5.309e+00	9.474e-02	vapor	1.501e+00
1.421e+02	1.000e-03	8.461e-01	1.182e+00	2.454e+00	3.636e+00	1.258e+02	1.668e+01	2.499e+01	9.373e+02	4.713e-01	5.353e+00	9.578e-02	vapor	1.499e+00
1.438e+02	1.000e-03	8.365e-01	1.196e+00	2.482e+00	3.677e+00	1.261e+02	1.676e+01	2.507e+01	9.419e+02	4.508e-01	5.395e+00	9.683e-02	vapor	1.496e+00
1.454e+02	1.000e-03	8.270e-01	1.209e+00	2.509e+00	3.719e+00	1.264e+02	1.684e+01	2.516e+01	9.465e+02	4.309e-01	5.438e+00	9.787e-02	vapor	1.494e+00
1.471e+02	1.000e-03	8.178e-01	1.223e+00	2.537e+00	3.760e+00	1.267e+02	1.693e+01	2.524e+01	9.511e+02	4.116e-01	5.481e+00	9.891e-02	vapor	1.491e+00
1.487e+02	1.000e-03	8.087e-01	1.236e+00	2.565e+00	3.801e+00	1.270e+02	1.701e+01	2.532e+01	9.556e+02	3.928e-01	5.523e+00	9.996e-02	vapor	1.489e+00
1.504e+02	1.000e-03	7.999e-01	1.250e+00	2.593e+00	3.843e+00	1.272e+02	1.709e+01	2.540e+01	9.602e+02	3.747e-01	5.565e+00	1.010e-01	vapor	1.487e+00
1.520e+02	1.000e-03	7.912e-01	1.264e+00	2.621e+00	3.885e+00	1.275e+02	1.716e+01	2.548e+01	9.647e+02	3.570e-01	5.607e+00	1.021e-01	vapor	1.484e+00
1.537e+02	1.000e-03	7.828e-01	1.278e+00	2.650e+00	3.927e+00	1.278e+02	1.724e+01	2.556e+01	9.692e+02	3.399e-01	5.649e+00	1.032e-01	vapor	1.482e+00
1.553e+02	1.000e-03	7.745e-01	1.291e+00	2.678e+00	3.969e+00	1.281e+02	1.732e+01	2.563e+01	9.736e+02	3.232e-01	5.691e+00	1.042e-01	vapor	1.480e+00
1.569e+02	1.000e-03	7.664e-01	1.305e+00	2.706e+00	4.011e+00	1.283e+02	1.739e+01	2.571e+01	9.781e+02	3.070e-01	5.732e+00	1.053e-01	vapor	1.478e+00
1.586e+02	1.000e-03	7.584e-01	1.319e+00	2.735e+00	4.053e+00	1.286e+02	1.747e+01	2.578e+01	9.825e+02	2.913e-01	5.774e+00	1.064e-01	vapor	1.476e+00
1.602e+02	1.000e-03	7.507e-01	1.332e+00	2.764e+00	4.096e+00	1.288e+02	1.754e+01	2.586e+01	9.869e+02	2.760e-01	5.815e+00	1.075e-01	vapor	1.474e+00
1.619e+02	1.000e-03	7.430e-01	1.346e+00	2.793e+00	4.138e+00	1.291e+02	1.761e+01	2.593e+01	9.913e+02	2.611e-01	5.856e+00	1.085e-01	vapor	1.472e+00
1.635e+02	1.000e-03	7.356e-01	1.359e+00	2.822e+00	4.181e+00	1.294e+02	1.768e+01	2.600e+01	9.957e+02	2.466e-01	5.897e+00	1.096e-01	vapor	1.470e+00
1.652e+02	1.000e-03	7.282e-01	1.373e+00	2.851e+00	4.224e+00	1.296e+02	1.775e+01	2.607e+01	1.000e+03	2.325e-01	5.938e+00	1.107e-01	vapor	1.468e+00
1.668e+02	1.000e-03	7.211e-01	1.387e+00	2.880e+00	4.267e+00	1.299e+02	1.782e+01	2.614e+01	1.004e+03	2.188e-01	5.979e+00	1.117e-01	vapor	1.467e+00
1.684e+02	1.000e-03	7.140e-01	1.401e+00	2.909e+00	4.310e+00	1.302e+02	1.789e+01	2.620e+01	1.009e+03	2.055e-01	6.019e+00	1.128e-01	vapor	1.465e+00
1.701e+02	1.000e-03	7.071e-01	1.414e+00	2.939e+00	4.353e+00	1.304e+02	1.795e+01	2.627e+01	1.013e+03	1.925e-01	6.060e+00	1.139e-01	vapor	1.463e+00
1.717e+02	1.000e-03	7.004e-01	1.428e+00	2.968e+00	4.396e+00	1.307e+02	1.802e+01	2.633e+01	1.017e+03	1.798e-01	6.100e+00	1.149e-01	vapor	1.461e+00
1.734e+02	1.000e-03	6.937e-01	1.442e+00	2.998e+00	4.439e+00	1.309e+02	1.808e+01	2.640e+01	1.022e+03	1.674e-01	6.141e+00	1.159e-01	vapor	1.460e+00
1.750e+02	1.000e-03	6.872e-01	1.455e+00	3.028e+00	4.483e+00	1.312e+02	1.814e+01	2.646e+01	1.026e+03	1.554e-01	6.181e+00	1.169e-01	vapor	1.458e+00
1.767e+02	1.000e-03	6.808e-01	1.469e+00	3.058e+00	4.527e+00	1.314e+02	1.821e+01	2.652e+01	1.030e+03	1.436e-01	6.221e+00	1.180e-01	vapor	1.457e+00
1.783e+02	1.000e-03	6.745e-01	1.482e+00	3.088e+00	4.570e+00	1.317e+02	1.827e+01	2.658e+01	1.034e+03	1.322e-01	6.261e+00	1.190e-01	vapor	1.455e+00
1.799e+02	1.000e-03	6.684e-01	1.496e+00	3.118e+00	4.614e+00	1.319e+02	1.832e+01	2.664e+01	1.039e+03	1.210e-01	6.300e+00	1.201e-01	vapor	1.454e+00
1.816e+02	1.000e-03	6.623e-01	1.510e+00	3.148e+00	4.658e+00	1.321e+02	1.838e+01	2.670e+01	1.043e+03	1.101e-01	6.340e+00	1.211e-01	vapor	1.452e+00
1.832e+02	1.000e-03	6.564e-01	1.524e+00	3.178e+00	4.702e+00	1.324e+02	1.844e+01	2.675e+01	1.047e+03	9.948e-02	6.379e+00	1.221e-01	vapor	1.451e+00
1.849e+02	1.000e-03	6.506e-01	1.537e+00	3.208e+00	4.746e+00	1.326e+02	1.850e+01	2.681e+01	1.051e+03	8.909e-02	6.419e+00	1.231e-01	vapor	1.450e+00
1.865e+02	1.000e-03	6.448e-01	1.551e+00	3.239e+00	4.790e+00	1.329e+02	1.855e+01	2.686e+01	1.056e+03	7.895e-02	6.458e+00	1.241e-01	vapor	1.448e+00
1.882e+02	1.000e-03	6.392e-01	1.564e+00	3.269e+00	4.834e+00	1.331e+02	1.861e+01	2.692e+01	1.060e+03	6.903e-02	6.497e+00	1.251e-01	vapor	1.447e+00
1.898e+02	1.000e-03	6.337e-01	1.578e+00	3.300e+00	4.878e+00	1.333e+02	1.866e+01	2.697e+01	1.064e+03	5.935e-02	6.536e+00	1.262e-01	vapor	1.446e+00
1.914e+02	1.000e-03	6.282e-01	1.592e+00	3.331e+00	4.923e+00	1.336e+02	1.871e+01	2.702e+01	1.068e+03	4.988e-02	6.575e+00	1.272e-01	vapor	1.444e+00
1.931e+02	1.000e-03	6.229e-01	1.605e+00	3.362e+00	4.967e+00	1.338e+02	1.876e+01	2.707e+01	1.072e+03	4.063e-02	6.614e+00	1.281e-01	vapor	1.443e+00
1.947e+02	1.000e-03	6.176e-01	1.619e+00	3.393e+00	5.012e+00	1.340e+02	1.881e+01	2.712e+01	1.076e+03	3.159e-02	6.653e+00	1.291e-01	vapor	1.442e+00
1.964e+02	1.000e-03	6.125e-01	1.633e+00	3.423e+00	5.056e+00	1.342e+02	1.886e+01	2.717e+01	1.080e+03	2.274e-02	6.691e+00	1.301e-01	vapor	1.441e+00
1.980e+02	1.000e-03	6.074e-01	1.646e+00	3.454e+00	5.101e+00	1.345e+02	1.891e+01	2.722e+01	1.084e+03	1.408e-02	6.730e+00	1.311e-01	vapor	1.440e+00
1.997e+02	1.000e-03	6.024e-01	1.660e+00	3.486e+00	5.146e+00	1.347e+02	1.895e+01	2.727e+01	1.088e+03	5.616e-03	6.768e+00	1.321e-01	vapor	1.439e+00
2.013e+02	1.000e-03	5.975e-01	1.674e+00	3.517e+00	5.191e+00	1.349e+02	1.900e+01	2.731e+01	1.092e+03	-2.671e-03	6.807e+00	1.331e-01	vapor	1.438e+00
2.029e+02	1.000e-03	5.926e-01	1.687e+00	3.548e+00	5.235e+00	1.352e+02	1.905e+01	2.736e+01	1.097e+03	-1.078e-02	6.845e+00	1.340e-01	vapor	1.437e+00
2.046e+02	1.000e-03	5.879e-01	1.701e+00	3.579e+00	5.280e+00	1.354e+02	1.909e+01	2.740e+01	1.101e+03	-1.872e-02	6.883e+00	1.350e-01	vapor	1.436e+00
2.062e+02	1.000e-03	5.832e-01	1.715e+00	3.611e+00	5.325e+00	1.356e+02	1.913e+01	2.745e+01	1.105e+03	-2.650e-02	6.921e+00	1.360e-01	vapor	1.435e+00
2.079e+02	1.000e-03	5.786e-01	1.728e+00	3.642e+00	5.371e+00	1.358e+02	1.918e+01	2.749e+01	1.109e+03	-3.412e-02	6.959e+00	1.369e-01	vapor	1.434e+00
2.095e+02	1.000e-03	5.740e-01	1.742e+00	3.674e+00	5.416e+00	1.360e+02	1.922e+01	2.753e+01	1.113e+03	-4.158e-02	6.997e+00	1.379e-01	vapor	1.433e+00
2.112e+02	1.000e-03	5.696e-01	1.756e+00	3.705e+00	5.461e+00	1.362e+02	1.926e+01	2.757e+01	1.117e+03	-4.890e-02	7.034e+00	1.389e-01	vapor	1.432e+00
2.128e+02	1.000e-03	5.652e-01	1.769e+00	3.737e+00	5.506e+00	1.365e+02	1.930e+01	2.761e+01	1.121e+03	-5.606e-02	7.072e+00	1.398e-01	vapor	1.431e+00
2.144e+02	1.000e-03	5.608e-01	1.783e+00	3.769e+00	5.552e+00	1.367e+02	1.934e+01	2.765e+01	1.125e+03	-6.309e-02	7.109e+00	1.407e-01	vapor	1.430e+00
2.161e+02	1.000e-03	5.566e-01	1.797e+00	3.801e+00	5.597e+00	1.369e+02	1.938e+01	2.769e+01	1.129e+03	-6.997e-02	7.147e+00	1.417e-01	vapor	1.429e+00
2.177e+02	1.000e-03	5.524e-01	1.810e+00	3.833e+00	5.643e+00	1.371e+02	1.941e+01	2.773e+01	1.133e+03	-7.673e-02	7.184e+00	1.426e-01	vapor	1.428e+00
2.194e+02	1.000e-03	5.482e-01	1.824e+00	3.864e+00	5.689e+00	1.373e+02	1.945e+01	2.776e+01	1.136e+03	-8.335e-02	7.221e+00	1.436e-01	vapor	1.427e+00
2.210e+02	1.000e-03	5.442e-01	1.838e+00	3.896e+00	5.734e+00	1.375e+02	1.949e+01	2.780e+01	1.140e+03	-8.985e-02	7.259e+00	1.445e-01	vapor	1.427e+00
2.227e+02	1.000e-03	5.401e-01	1.851e+00	3.929e+00	5.780e+00	1.377e+02	1.952e+01	2.784e+01	1.144e+03	-9.623e-02	7.296e+00	1.454e-01	vapor	1.426e+00
2.243e+02	1.000e-03	5.362e-01	1.865e+00	3.961e+00	5.826e+00	1.379e+02	1.955e+01	2.787e+01	1.148e+03	-1.025e-01	7.333e+00	1.464e-01	vapor	1.425e+00
2.260e+02	1.000e-03	5.323e-01	1.879e+00	3.993e+00	5.872e+00	1.381e+02	1.959e+01	2.790e+01	1.152e+03	-1.086e-01	7.370e+00	1.473e-01	vapor	1.424e+00
2.276e+02	1.000e-03	5.284e-01	1.892e+00	4.025e+00	5.917e+00	1.383e+02	1.962e+01	2.794e+01	1.156e+03	-1.147e-01	7.406e+00	1.482e-01	vapor	1.424e+00
2.292e+02	1.000e-03	5.246e-01	1.906e+00	4.057e+00	5.963e+00	1.385e+02	1.966e+01	2.797e+01	1.160e+03	-1.206e-01	7.443e+00	1.491e-01	vapor	1.423e+00
2.309e+02	1.000e-03	5.209e-01	1.920e+00	4.090e+00	6.009e+00	1.387e+02	1.969e+01	2.800e+01	1.164e+03	-1.264e-01	7.480e+00	1.500e-01	vapor	1.422e+00
2.325e+02	1.000e-03	5.172e-01	1.933e+00	4.122e+00	6.055e+00	1.389e+02	1.972e+01	2.803e+01	1.168e+03	-1.321e-01	7.516e+00	1.510e-01	vapor	1.422e+00
2.342e+02	1.000e-03	5.136e-01	1.947e+00	4.154e+00	6.101e+00	1.391e+02	1.975e+01	2.806e+01	1.172e+03	-1.377e-01	7.553e+00	1.519e-01	vapor	1.421e+00
2.358e+02	1.000e-03	5.100e-01	1.961e+00	4.187e+00	6.148e+00	1.393e+02	1.978e+01	2.809e+01	1.175e+03	-1.432e-01	7.589e+00	1.528e-01	vapor	1.420e+00
2.375e+02	1.000e-03	5.065e-01	1.974e+00	4.219e+00	6.194e+00	1.395e+02	1.981e+01	2.812e+01	1.179e+03	-1.486e-01	7.625e+00	1.537e-01	vapor	1.420e+00
2.391e+02	1.000e-03	5.030e-01	1.988e+00	4.252e+00	6.240e+00	1.397e+02	1.984e+01	2.815e+01	1.183e+03	-1.540e-01	7.662e+00	1.546e-01	vapor	1.419e+00
2.408e+02	1.000e-03	4.996e-01	2.002e+00	4.285e+00	6.286e+00	1.399e+02	1.986e+01	2.818e+01	1.187e+03	-1.592e-01	7.698e+00	1.555e-01	vapor	1.419e+00
2.424e+02	1.000e-03	4.962e-01	2.015e+00	4.317e+00	6.333e+00	1.401e+02	1.989e+01	2.820e+01	1.191e+03	-1.643e-01	7.734e+00	1.564e-01	vapor	1.418e+00
2.440e+02	1.000e-03	4.929e-01	2.029e+00	4.350e+00	6.379e+00	1.403e+02	1.992e+01	2.823e+01	1.194e+03	-1.694e-01	7.770e+00	1.573e-01	vapor	1.417e+00
2.457e+02	1.000e-03	4.895e-01	2.043e+00	4.383e+00	6.425e+00	1.405e+02	1.994e+01	2.826e+01	1.198e+03	-1.744e-01	7.806e+00	1.581e-01	vapor	1.417e+00
2.473e+02	1.000e-03	4.863e-01	2.056e+00	4.415e+00	6.472e+00	1.407e+02	1.997e+01	2.828e+01	1.202e+03	-1.792e-01	7.841e+00	1.590e-01	vapor	1.416e+00
2.490e+02	1.000e-03	4.831e-01	2.070e+00	4.448e+00	6.518e+00	1.408e+02	1.999e+01	2.831e+01	1.206e+03	-1.841e-01	7.877e+00	1.599e-01	vapor	1.416e+00
2.506e+02	1.000e-03	4.799e-01	2.084e+00	4.481e+00	6.565e+00	1.410e+02	2.002e+01	2.833e+01	1.210e+03	-1.888e-01	7.913e+00	1.608e-01	vapor	1.415e+00
2.522e+02	1.000e-03	4.768e-01	2.097e+00	4.514e+00	6.612e+00	1.412e+02	2.004e+01	2.836e+01	1.213e+03	-1.935e-01	7.948e+00	1.616e-01	vapor	1.415e+00
2.539e+02	1.000e-03	4.737e-01	2.111e+00	4.547e+00	6.658e+00	1.414e+02	2.006e+01	2.838e+01	1.217e+03	-1.980e-01	7.984e+00	1.625e-01	vapor	1.414e+00
2.555e+02	1.000e-03	4.707e-01	2.125e+00	4.580e+00	6.705e+00	1.416e+02	2.009e+01	2.840e+01	1.221e+03	-2.026e-01	8.019e+00	1.634e-01	vapor	1.414e+00
2.572e+02	1.000e-03	4.677e-01	2.138e+00	4.613e+00	6.751e+00	1.418e+02	2.011e+01	2.842e+01	1.224e+03	-2.070e-01	8.055e+00	1.642e-01	vapor	1.413e+00
2.588e+02	1.000e-03	4.647e-01	2.152e+00	4.646e+00	6.798e+00	1.419e+02	2.013e+01	2.845e+01	1.228e+03	-2.114e-01	8.090e+00	1.651e-01	vapor	1.413e+00
2.605e+02	1.000e-03	4.617e-01	2.166e+00	4.679e+00	6.845e+00	1.421e+02	2.015e+01	2.847e+01	1.232e+03	-2.157e-01	8.125e+00	1.660e-01	vapor	1.413e+00
2.621e+02	1.000e-03	4.589e-01	2.179e+00	4.712e+00	6.892e+00	1.423e+02	2.017e+01	2.849e+01	1.236e+03	-2.199e-01	8.160e+00	1.668e-01	vapor	1.412e+00
2.638e+02	1.000e-03	4.560e-01	2.193e+00	4.746e+00	6.939e+00	1.425e+02	2.019e+01	2.851e+01	1.239e+03	-2.241e-01	8.195e+00	1.676e-01	vapor	1.412e+00
2.654e+02	1.000e-03	4.532e-01	2.207e+00	4.779e+00	6.985e+00	1.427e+02	2.021e+01	2.853e+01	1.243e+03	-2.282e-01	8.230e+00	1.685e-01	vapor	1.411e+00
2.670e+02	1.000e-03	4.504e-01	2.220e+00	4.812e+00	7.032e+00	1.428e+02	2.023e+01	2.855e+01	1.247e+03	-2.322e-01	8.265e+00	1.694e-01	vapor	1.411e+00
2.687e+02	1.000e-03	4.476e-01	2.234e+00	4.845e+00	7.079e+00	1.430e+02	2.025e+01	2.857e+01	1.250e+03	-2.362e-01	8.300e+00	1.702e-01	vapor	1.411e+00
2.703e+02	1.000e-03	4.449e-01	2.248e+00	4.879e+00	7.126e+00	1.432e+02	2.027e+01	2.858e+01	1.254e+03	-2.402e-01	8.335e+00	1.711e-01	vapor	1.410e+00
2.720e+02	1.000e-03	4.422e-01	2.261e+00	4.912e+00	7.173e+00	1.434e+02	2.029e+01	2.860e+01	1.258e+03	-2.440e-01	8.369e+00	1.719e-01	vapor	1.410e+00
2.736e+02	1.000e-03	4.396e-01	2.275e+00	4.945e+00	7.220e+00	1.435e+02	2.030e+01	2.862e+01	1.261e+03	-2.479e-01	8.404e+00	1.727e-01	vapor	1.410e+00
2.753e+02	1.000e-03	4.369e-01	2.289e+00	4.979e+00	7.267e+00	1.437e+02	2.032e+01	2.864e+01	1.265e+03	-2.516e-01	8.439e+00	1.735e-01	vapor	1.409e+00
2.769e+02	1.000e-03	4.344e-01	2.302e+00	5.012e+00	7.314e+00	1.439e+02	2.034e+01	2.865e+01	1.268e+03	-2.553e-01	8.473e+00	1.743e-01	vapor	1.409e+00
2.786e+02	1.000e-03	4.318e-01	2.316e+00	5.045e+00	7.361e+00	1.440e+02	2.035e+01	2.867e+01	1.272e+03	-2.590e-01	8.508e+00	1.751e-01	vapor	1.409e+00
2.802e+02	1.000e-03	4.293e-01	2.330e+00	5.079e+00	7.409e+00	1.442e+02	2.037e+01	2.868e+01	1.276e+03	-2.626e-01	8.542e+00	1.760e-01	vapor	1.408e+00
2.818e+02	1.000e-03	4.268e-01	2.343e+00	5.112e+00	7.456e+00	1.444e+02	2.039e+01	2.870e+01	1.279e+03	-2.661e-01	8.576e+00	1.768e-01	vapor	1.408e+00
2.835e+02	1.000e-03	4.243e-01	2.357e+00	5.146e+00	7.503e+00	1.446e+02	2.040e+01	2.871e+01	1.283e+03	-2.697e-01	8.610e+00	1.776e-01	vapor	1.408e+00
2.851e+02	1.000e-03	4.218e-01	2.371e+00	5.179e+00	7.550e+00	1.447e+02	2.041e+01	2.873e+01	1.286e+03	-2.731e-01	8.645e+00	1.784e-01	vapor	1.407e+00
2.868e+02	1.000e-03	4.194e-01	2.384e+00	5.213e+00	7.597e+00	1.449e+02	2.043e+01	2.874e+01	1.290e+03	-2.765e-01	8.679e+00	1.792e-01	vapor	1.407e+00
2.884e+02	1.000e-03	4.170e-01	2.398e+00	5.247e+00	7.645e+00	1.450e+02	2.044e+01	2.876e+01	1.294e+03	-2.799e-01	8.713e+00	1.800e-01	vapor	1.407e+00
2.901e+02	1.000e-03	4.147e-01	2.412e+00	5.280e+00	7.692e+00	1.452e+02	2.046e+01	2.877e+01	1.297e+03	-2.832e-01	8.746e+00	1.809e-01	vapor	1.406e+00
2.917e+02	1.000e-03	4.123e-01	2.425e+00	5.314e+00	7.739e+00	1.454e+02	2.047e+01	2.879e+01	1.301e+03	-2.865e-01	8.780e+00	1.817e-01	vapor	1.406e+00
2.933e+02	1.000e-03	4.100e-01	2.439e+00	5.348e+00	7.787e+00	1.455e+02	2.048e+01	2.880e+01	1.304e+03	-2.897e-01	8.814e+00	1.825e-01	vapor	1.406e+00
2.950e+02	1.000e-03	4.077e-01	2.453e+00	5.381e+00	7.834e+00	1.457e+02	2.050e+01	2.881e+01	1.308e+03	-2.929e-01	8.848e+00	1.832e-01	vapor	1.406e+00
2.966e+02	1.000e-03	4.055e-01	2.466e+00	5.415e+00	7.881e+00	1.458e+02	2.051e+01	2.882e+01	1.311e+03	-2.961e-01	8.882e+00	1.840e-01	vapor	1.405e+00
2.983e+02	1.000e-03	4.032e-01	2.480e+00	5.449e+00	7.928e+00	1.460e+02	2.052e+01	2.884e+01	1.315e+03	-2.992e-01	8.915e+00	1.848e-01	vapor	1.405e+00
2.999e+02	1.000e-03	4.010e-01	2.494e+00	5.482e+00	7.976e+00	1.462e+02	2.053e+01	2.885e+01	1.318e+03	-3.023e-01	8.949e+00	1.856e-01	vapor	1.405e+00
3.016e+02	1.000e-03	3.988e-01	2.507e+00	5.516e+00	8.023e+00	1.463e+02	2.054e+01	2.886e+01	1.322e+03	-3.053e-01	8.982e+00	1.864e-01	vapor	1.405e+00
3.032e+02	1.000e-03	3.967e-01	2.521e+00	5.550e+00	8.071e+00	1.465e+02	2.055e+01	2.887e+01	1.325e+03	-3.083e-01	9.016e+00	1.872e-01	vapor	1.404e+00
3.048e+02	1.000e-03	3.945e-01	2.535e+00	5.584e+00	8.118e+00	1.466e+02	2.057e+01	2.888e+01	1.329e+03	-3.112e-01	9.049e+00	1.880e-01	vapor	1.404e+00
3.065e+02	1.000e-03	3.924e-01	2.548e+00	5.617e+00	8.166e+00	1.468e+02	2.058e+01	2.889e+01	1.332e+03	-3.141e-01	9.082e+00	1.888e-01	vapor	1.404e+00
3.081e+02	1.000e-03	3.903e-01	2.562e+00	5.651e+00	8.213e+00	1.469e+02	2.059e+01	2.890e+01	1.336e+03	-3.170e-01	9.116e+00	1.895e-01	vapor	1.404e+00
3.098e+02	1.000e-03	3.883e-01	2.576e+00	5.685e+00	8.261e+00	1.471e+02	2.060e+01	2.891e+01	1.339e+03	-3.199e-01	9.149e+00	1.903e-01	vapor	1.404e+00
3.114e+02	1.000e-03	3.862e-01	2.589e+00	5.719e+00	8.308e+00	1.473e+02	2.061e+01	2.892e+01	1.343e+03	-3.227e-01	9.182e+00	1.911e-01	vapor	1.404e+00
3.131e+02	1.000e-03	3.842e-01	2.603e+00	5.753e+00	8.356e+00	1.474e+02	2.062e+01	2.893e+01	1.346e+03	-3.254e-01	9.215e+00	1.918e-01	vapor	1.403e+00
3.147e+02	1.000e-03	3.822e-01	2.617e+00	5.787e+00	8.403e+00	1.476e+02	2.062e+01	2.894e+01	1.350e+03	-3.282e-01	9.248e+00	1.926e-01	vapor	1.403e+00
3.163e+02	1.000e-03	3.802e-01	2.630e+00	5.821e+00	8.451e+00	1.477e+02	2.063e+01	2.895e+01	1.353e+03	-3.309e-01	9.281e+00	1.934e-01	vapor	1.403e+00
3.180e+02	1.000e-03	3.782e-01	2.644e+00	5.854e+00	8.498e+00	1.479e+02	2.064e+01	2.896e+01	1.356e+03	-3.336e-01	9.314e+00	1.941e-01	vapor	1.403e+00
3.196e+02	1.000e-03	3.763e-01	2.658e+00	5.888e+00	8.546e+00	1.480e+02	2.065e+01	2.897e+01	1.360e+03	-3.362e-01	9.347e+00	1.949e-01	vapor	1.403e+00
3.213e+02	1.000e-03	3.744e-01	2.671e+00	5.922e+00	8.594e+00	1.482e+02	2.066e+01	2.897e+01	1.363e+03	-3.388e-01	9.380e+00	1.957e-01	vapor	1.402e+00
3.229e+02	1.000e-03	3.725e-01	2.685e+00	5.956e+00	8.641e+00	1.483e+02	2.067e+01	2.898e+01	1.367e+03	-3.414e-01	9.412e+00	1.965e-01	vapor	1.402e+00
3.246e+02	1.000e-03	3.706e-01	2.699e+00	5.990e+00	8.689e+00	1.484e+02	2.068e+01	2.899e+01	1.370e+03	-3.439e-01	9.445e+00	1.974e-01	vapor	1.402e+00
3.262e+02	1.000e-03	3.687e-01	2.712e+00	6.024e+00	8.737e+00	1.486e+02	2.068e+01	2.900e+01	1.373e+03	-3.465e-01	9.478e+00	1.982e-01	vapor	1.402e+00
3.279e+02	1.000e-03	3.669e-01	2.726e+00	6.058e+00	8.784e+00	1.488e+02	2.069e+01	2.900e+01	1.377e+03	-3.489e-01	9.510e+00	1.991e-01	vapor	1.402e+00
3.295e+02	1.000e-03	3.650e-01	2.740e+00	6.092e+00	8.832e+00	1.489e+02	2.070e+01	2.901e+01	1.380e+03	-3.514e-01	9.543e+00	1.999e-01	vapor	1.402e+00
3.311e+02	1.000e-03	3.632e-01	2.753e+00	6.126e+00	8.880e+00	1.490e+02	2.070e+01	2.902e+01	1.384e+03	-3.538e-01	9.575e+00	2.007e-01	vapor	1.402e+00
3.328e+02	1.000e-03	3.614e-01	2.767e+00	6.160e+00	8.927e+00	1.492e+02	2.071e+01	2.903e+01	1.387e+03	-3.563e-01	9.608e+00	2.016e-01	vapor	1.401e+00
3.344e+02	1.000e-03	3.596e-01	2.780e+00	6.194e+00	8.975e+00	1.493e+02	2.072e+01	2.903e+01	1.390e+03	-3.586e-01	9.640e+00	2.024e-01	vapor	1.401e+00
3.361e+02	1.000e-03	3.579e-01	2.794e+00	6.229e+00	9.023e+00	1.495e+02	2.072e+01	2.904e+01	1.394e+03	-3.610e-01	9.672e+00	2.032e-01	vapor	1.401e+00
3.377e+02	1.000e-03	3.561e-01	2.808e+00	6.263e+00	9.070e+00	1.496e+02	2.073e+01	2.905e+01	1.397e+03	-3.633e-01	9.705e+00	2.040e-01	vapor	1.401e+00
3.394e+02	1.000e-03	3.544e-01	2.821e+00	6.297e+00	9.118e+00	1.498e+02	2.074e+01	2.905e+01	1.400e+03	-3.656e-01	9.737e+00	2.049e-01	vapor	1.401e+00
3.410e+02	1.000e-03	3.527e-01	2.835e+00	6.331e+00	9.166e+00	1.499e+02	2.074e+01	2.906e+01	1.404e+03	-3.679e-01	9.769e+00	2.057e-01	vapor	1.401e+00
3.426e+02	1.000e-03	3.510e-01	2.849e+00	6.365e+00	9.214e+00	1.500e+02	2.075e+01	2.906e+01	1.407e+03	-3.701e-01	9.801e+00	2.065e-01	vapor	1.401e+00
3.443e+02	1.000e-03	3.493e-01	2.862e+00	6.399e+00	9.261e+00	1.502e+02	2.075e+01	2.907e+01	1.410e+03	-3.723e-01	9.833e+00	2.073e-01	vapor	1.401e+00
3.459e+02	1.000e-03	3.477e-01	2.876e+00	6.433e+00	9.309e+00	1.503e+02	2.076e+01	2.907e+01	1.414e+03	-3.745e-01	9.865e+00	2.082e-01	vapor	1.401e+00
3.476e+02	1.000e-03	3.460e-01	2.890e+00	6.467e+00	9.357e+00	1.504e+02	2.076e+01	2.908e+01	1.417e+03	-3.767e-01	9.897e+00	2.090e-01	vapor	1.400e+00
3.492e+02	1.000e-03	3.444e-01	2.904e+00	6.501e+00	9.405e+00	1.506e+02	2.077e+01	2.908e+01	1.420e+03	-3.789e-01	9.929e+00	2.098e-01	vapor	1.400e+00
3.509e+02	1.000e-03	3.428e-01	2.917e+00	6.535e+00	9.453e+00	1.507e+02	2.077e+01	2.909e+01	1.424e+03	-3.810e-01	9.961e+00	2.106e-01	vapor	1.400e+00
3.525e+02	1.000e-03	3.412e-01	2.931e+00	6.569e+00	9.500e+00	1.508e+02	2.078e+01	2.909e+01	1.427e+03	-3.831e-01	9.992e+00	2.114e-01	vapor	1.400e+00
3.541e+02	1.000e-03	3.396e-01	2.945e+00	6.604e+00	9.548e+00	1.510e+02	2.078e+01	2.910e+01	1.430e+03	-3.852e-01	1.002e+01	2.123e-01	vapor	1.400e+00
3.558e+02	1.000e-03	3.381e-01	2.958e+00	6.638e+00	9.596e+00	1.511e+02	2.079e+01	2.910e+01	1.433e+03	-3.872e-01	1.006e+01	2.131e-01	vapor	1.400e+00
3.574e+02	1.000e-03	3.365e-01	2.972e+00	6.672e+00	9.644e+00	1.513e+02	2.079e+01	2.911e+01	1.436e+03	-3.893e-01	1.009e+01	2.139e-01	vapor	1.400e+00
3.591e+02	1.000e-03	3.350e-01	2.986e+00	6.706e+00	9.692e+00	1.514e+02	2.080e+01	2.911e+01	1.440e+03	-3.913e-01	1.012e+01	2.147e-01	vapor	1.400e+00
3.607e+02	1.000e-03	3.334e-01	2.999e+00	6.740e+00	9.740e+00	1.515e+02	2.080e+01	2.912e+01	1.443e+03	-3.933e-01	1.015e+01	2.155e-01	vapor	1.400e+00
3.624e+02	1.000e-03	3.319e-01	3.013e+00	6.775e+00	9.787e+00	1.517e+02	2.080e+01	2.912e+01	1.446e+03	-3.952e-01	1.018e+01	2.162e-01	vapor	1.400e+00
3.640e+02	1.000e-03	3.304e-01	3.026e+00	6.809e+00	9.835e+00	1.518e+02	2.081e+01	2.912e+01	1.450e+03	-3.972e-01	1.021e+01	2.170e-01	vapor	1.400e+00
3.656e+02	1.000e-03	3.289e-01	3.040e+00	6.843e+00	9.883e+00	1.519e+02	2.081e+01	2.913e+01	1.453e+03	-3.991e-01	1.024e+01	2.178e-01	vapor	1.400e+00
3.673e+02	1.000e-03	3.275e-01	3.054e+00	6.877e+00	9.931e+00	1.521e+02	2.082e+01	2.913e+01	1.456e+03	-4.010e-01	1.028e+01	2.185e-01	vapor	1.399e+00
3.689e+02	1.000e-03	3.260e-01	3.067e+00	6.911e+00	9.979e+00	1.522e+02	2.082e+01	2.914e+01	1.459e+03	-4.029e-01	1.031e+01	2.193e-01	vapor	1.399e+00
3.706e+02	1.000e-03	3.246e-01	3.081e+00	6.946e+00	1.003e+01	1.523e+02	2.082e+01	2.914e+01	1.462e+03	-4.048e-01	1.034e+01	2.201e-01	vapor	1.399e+00
3.722e+02	1.000e-03	3.231e-01	3.095e+00	6.980e+00	1.007e+01	1.524e+02	2.083e+01	2.914e+01	1.466e+03	-4.067e-01	1.037e+01	2.209e-01	vapor	1.399e+00
3.739e+02	1.000e-03	3.217e-01	3.108e+00	7.014e+00	1.012e+01	1.526e+02	2.083e+01	2.914e+01	1.469e+03	-4.085e-01	1.040e+01	2.217e-01	vapor	1.399e+00
3.755e+02	1.000e-03	3.203e-01	3.122e+00	7.048e+00	1.017e+01	1.527e+02	2.083e+01	2.915e+01	1.472e+03	-4.103e-01	1.043e+01	2.225e-01	vapor	1.399e+00
3.771e+02	1.000e-03	3.189e-01	3.136e+00	7.082e+00	1.022e+01	1.528e+02	2.084e+01	2.915e+01	1.475e+03	-4.121e-01	1.046e+01	2.233e-01	vapor	1.399e+00
3.788e+02	1.000e-03	3.175e-01	3.150e+00	7.117e+00	1.027e+01	1.529e+02	2.084e+01	2.915e+01	1.478e+03	-4.139e-01	1.049e+01	2.240e-01	vapor	1.399e+00
3.804e+02	1.000e-03	3.161e-01	3.163e+00	7.151e+00	1.031e+01	1.531e+02	2.084e+01	2.916e+01	1.482e+03	-4.156e-01	1.053e+01	2.248e-01	vapor	1.399e+00
3.821e+02	1.000e-03	3.148e-01	3.177e+00	7.185e+00	1.036e+01	1.532e+02	2.085e+01	2.916e+01	1.485e+03	-4.174e-01	1.056e+01	2.256e-01	vapor	1.399e+00
3.837e+02	1.000e-03	3.134e-01	3.191e+00	7.220e+00	1.041e+01	1.533e+02	2.085e+01	2.916e+01	1.488e+03	-4.191e-01	1.059e+01	2.264e-01	vapor	1.399e+00
3.854e+02	1.000e-03	3.121e-01	3.204e+00	7.254e+00	1.046e+01	1.534e+02	2.085e+01	2.916e+01	1.491e+03	-4.208e-01	1.062e+01	2.271e-01	vapor	1.399e+00
3.870e+02	1.000e-03	3.108e-01	3.218e+00	7.288e+00	1.051e+01	1.536e+02	2.085e+01	2.917e+01	1.494e+03	-4.225e-01	1.065e+01	2.279e-01	vapor	1.399e+00
3.886e+02	1.000e-03	3.095e-01	3.232e+00	7.322e+00	1.055e+01	1.537e+02	2.086e+01	2.917e+01	1.497e+03	-4.242e-01	1.068e+01	2.287e-01	vapor	1.399e+00
3.903e+02	1.000e-03	3.081e-01	3.245e+00	7.357e+00	1.060e+01	1.538e+02	2.086e+01	2.917e+01	1.500e+03	-4.258e-01	1.071e+01	2.294e-01	vapor	1.399e+00
3.919e+02	1.000e-03	3.069e-01	3.259e+00	7.391e+00	1.065e+01	1.539e+02	2.086e+01	2.918e+01	1.504e+03	-4.275e-01	1.074e+01	2.302e-01	vapor	1.399e+00
3.936e+02	1.000e-03	3.056e-01	3.272e+00	7.425e+00	1.070e+01	1.541e+02	2.086e+01	2.918e+01	1.507e+03	-4.291e-01	1.077e+01	2.310e-01	vapor	1.399e+00
3.952e+02	1.000e-03	3.043e-01	3.286e+00	7.460e+00	1.075e+01	1.542e+02	2.086e+01	2.918e+01	1.510e+03	-4.307e-01	1.080e+01	2.317e-01	vapor	1.399e+00
3.969e+02	1.000e-03	3.030e-01	3.300e+00	7.494e+00	1.079e+01	1.543e+02	2.087e+01	2.918e+01	1.513e+03	-4.323e-01	1.083e+01	2.325e-01	vapor	1.398e+00
3.985e+02	1.000e-03	3.018e-01	3.313e+00	7.528e+00	1.084e+01	1.544e+02	2.087e+01	2.918e+01	1.516e+03	-4.339e-01	1.086e+01	2.333e-01	vapor	1.398e+00
4.002e+02	1.000e-03	3.006e-01	3.327e+00	7.562e+00	1.089e+01	1.546e+02	2.087e+01	2.919e+01	1.519e+03	-4.354e-01	1.089e+01	2.340e-01	vapor	1.398e+00
4.018e+02	1.000e-03	2.993e-01	3.341e+00	7.597e+00	1.094e+01	1.547e+02	2.087e+01	2.919e+01	1.522e+03	-4.370e-01	1.092e+01	2.347e-01	vapor	1.398e+00
4.034e+02	1.000e-03	2.981e-01	3.354e+00	7.631e+00	1.098e+01	1.548e+02	2.088e+01	2.919e+01	1.525e+03	-4.385e-01	1.095e+01	2.354e-01	vapor	1.398e+00
4.051e+02	1.000e-03	2.969e-01	3.368e+00	7.665e+00	1.103e+01	1.549e+02	2.088e+01	2.919e+01	1.528e+03	-4.400e-01	1.098e+01	2.361e-01	vapor	1.398e+00
4.067e+02	1.000e-03	2.957e-01	3.382e+00	7.700e+00	1.108e+01	1.550e+02	2.088e+01	2.919e+01	1.532e+03	-4.415e-01	1.101e+01	2.368e-01	vapor	1.398e+00
4.084e+02	1.000e-03	2.945e-01	3.395e+00	7.734e+00	1.113e+01	1.551e+02	2.088e+01	2.920e+01	1.535e+03	-4.430e-01	1.104e+01	2.374e-01	vapor	1.398e+00
4.100e+02	1.000e-03	2.933e-01	3.409e+00	7.768e+00	1.118e+01	1.553e+02	2.088e+01	2.920e+01	1.538e+03	-4.445e-01	1.107e+01	2.381e-01	vapor	1.398e+00
4.117e+02	1.000e-03	2.922e-01	3.423e+00	7.803e+00	1.122e+01	1.554e+02	2.088e+01	2.920e+01	1.541e+03	-4.459e-01	1.111e+01	2.389e-01	vapor	1.398e+00
4.133e+02	1.000e-03	2.910e-01	3.436e+00	7.837e+00	1.127e+01	1.555e+02	2.089e+01	2.920e+01	1.544e+03	-4.474e-01	1.113e+01	2.397e-01	vapor	1.398e+00
4.149e+02	1.000e-03	2.898e-01	3.450e+00	7.871e+00	1.132e+01	1.556e+02	2.089e+01	2.920e+01	1.547e+03	-4.488e-01	1.116e+01	2.404e-01	vapor	1.398e+00
4.166e+02	1.000e-03	2.887e-01	3.464e+00	7.905e+00	1.137e+01	1.557e+02	2.089e+01	2.920e+01	1.550e+03	-4.502e-01	1.120e+01	2.412e-01	vapor	1.398e+00
4.182e+02	1.000e-03	2.876e-01	3.477e+00	7.940e+00	1.142e+01	1.558e+02	2.089e+01	2.920e+01	1.553e+03	-4.516e-01	1.122e+01	2.420e-01	vapor	1.398e+00
4.199e+02	1.000e-03	2.864e-01	3.491e+00	7.974e+00	1.146e+01	1.559e+02	2.089e+01	2.921e+01	1.556e+03	-4.530e-01	1.126e+01	2.427e-01	vapor	1.398e+00
4.215e+02	1.000e-03	2.853e-01	3.505e+00	8.008e+00	1.151e+01	1.561e+02	2.089e+01	2.921e+01	1.559e+03	-4.544e-01	1.129e+01	2.435e-01	vapor	1.398e+00
4.232e+02	1.000e-03	2.842e-01	3.518e+00	8.043e+00	1.156e+01	1.562e+02	2.089e+01	2.921e+01	1.562e+03	-4.557e-01	1.131e+01	2.443e-01	vapor	1.398e+00
4.248e+02	1.000e-03	2.831e-01	3.532e+00	8.077e+00	1.161e+01	1.563e+02	2.090e+01	2.921e+01	1.565e+03	-4.571e-01	1.134e+01	2.450e-01	vapor	1.398e+00
4.264e+02	1.000e-03	2.820e-01	3.546e+00	8.111e+00	1.166e+01	1.564e+02	2.090e+01	2.921e+01	1.568e+03	-4.584e-01	1.137e+01	2.458e-01	vapor	1.398e+00
4.281e+02	1.000e-03	2.809e-01	3.559e+00	8.146e+00	1.171e+01	1.565e+02	2.090e+01	2.921e+01	1.571e+03	-4.597e-01	1.140e+01	2.466e-01	vapor	1.398e+00
4.297e+02	1.000e-03	2.799e-01	3.573e+00	8.180e+00	1.175e+01	1.566e+02	2.090e+01	2.921e+01	1.574e+03	-4.610e-01	1.143e+01	2.473e-01	vapor	1.398e+00
4.314e+02	1.000e-03	2.788e-01	3.587e+00	8.215e+00	1.180e+01	1.567e+02	2.090e+01	2.922e+01	1.577e+03	-4.623e-01	1.146e+01	2.481e-01	vapor	1.398e+00
4.330e+02	1.000e-03	2.777e-01	3.600e+00	8.249e+00	1.185e+01	1.568e+02	2.090e+01	2.922e+01	1.580e+03	-4.636e-01	1.149e+01	2.489e-01	vapor	1.398e+00
4.347e+02	1.000e-03	2.767e-01	3.614e+00	8.283e+00	1.190e+01	1.570e+02	2.090e+01	2.922e+01	1.583e+03	-4.649e-01	1.152e+01	2.497e-01	vapor	1.398e+00
4.363e+02	1.000e-03	2.757e-01	3.628e+00	8.318e+00	1.195e+01	1.571e+02	2.091e+01	2.922e+01	1.586e+03	-4.662e-01	1.155e+01	2.504e-01	vapor	1.398e+00
4.380e+02	1.000e-03	2.746e-01	3.641e+00	8.352e+00	1.199e+01	1.572e+02	2.091e+01	2.922e+01	1.589e+03	-4.674e-01	1.158e+01	2.512e-01	vapor	1.398e+00
4.396e+02	1.000e-03	2.736e-01	3.655e+00	8.386e+00	1.204e+01	1.573e+02	2.091e+01	2.922e+01	1.592e+03	-4.687e-01	1.161e+01	2.520e-01	vapor	1.398e+00
4.412e+02	1.000e-03	2.726e-01	3.669e+00	8.421e+00	1.209e+01	1.574e+02	2.091e+01	2.922e+01	1.595e+03	-4.699e-01	1.164e+01	2.527e-01	vapor	1.398e+00
4.429e+02	1.000e-03	2.716e-01	3.682e+00	8.455e+00	1.214e+01	1.575e+02	2.091e+01	2.922e+01	1.598e+03	-4.711e-01	1.167e+01	2.535e-01	vapor	1.398e+00
4.445e+02	1.000e-03	2.706e-01	3.696e+00	8.489e+00	1.219e+01	1.576e+02	2.091e+01	2.923e+01	1.601e+03	-4.723e-01	1.170e+01	2.543e-01	vapor	1.398e+00
4.462e+02	1.000e-03	2.696e-01	3.710e+00	8.524e+00	1.223e+01	1.577e+02	2.091e+01	2.923e+01	1.604e+03	-4.735e-01	1.173e+01	2.550e-01	vapor	1.398e+00
4.478e+02	1.000e-03	2.686e-01	3.723e+00	8.558e+00	1.228e+01	1.578e+02	2.091e+01	2.923e+01	1.607e+03	-4.747e-01	1.176e+01	2.558e-01	vapor	1.398e+00
4.495e+02	1.000e-03	2.676e-01	3.737e+00	8.592e+00	1.233e+01	1.579e+02	2.091e+01	2.923e+01	1.610e+03	-4.758e-01	1.179e+01	2.566e-01	vapor	1.398e+00
4.511e+02	1.000e-03	2.666e-01	3.751e+00	8.627e+00	1.238e+01	1.581e+02	2.091e+01	2.923e+01	1.612e+03	-4.770e-01	1.182e+01	2.574e-01	vapor	1.398e+00
4.528e+02	1.000e-03	2.656e-01	3.764e+00	8.661e+00	1.243e+01	1.582e+02	2.091e+01	2.923e+01	1.615e+03	-4.782e-01	1.185e+01	2.581e-01	vapor	1.398e+00
4.544e+02	1.000e-03	2.647e-01	3.778e+00	8.696e+00	1.247e+01	1.583e+02	2.092e+01	2.923e+01	1.618e+03	-4.793e-01	1.188e+01	2.589e-01	vapor	1.398e+00
4.560e+02	1.000e-03	2.637e-01	3.792e+00	8.730e+00	1.252e+01	1.584e+02	2.092e+01	2.923e+01	1.621e+03	-4.804e-01	1.190e+01	2.597e-01	vapor	1.397e+00
4.577e+02	1.000e-03	2.628e-01	3.805e+00	8.764e+00	1.257e+01	1.585e+02	2.092e+01	2.923e+01	1.624e+03	-4.815e-01	1.193e+01	2.605e-01	vapor	1.397e+00
4.593e+02	1.000e-03	2.619e-01	3.819e+00	8.799e+00	1.262e+01	1.586e+02	2.092e+01	2.923e+01	1.627e+03	-4.827e-01	1.196e+01	2.612e-01	vapor	1.397e+00
4.610e+02	1.000e-03	2.609e-01	3.833e+00	8.833e+00	1.267e+01	1.587e+02	2.092e+01	2.923e+01	1.630e+03	-4.838e-01	1.199e+01	2.620e-01	vapor	1.397e+00
4.626e+02	1.000e-03	2.600e-01	3.846e+00	8.867e+00	1.271e+01	1.588e+02	2.092e+01	2.923e+01	1.633e+03	-4.849e-01	1.202e+01	2.628e-01	vapor	1.397e+00
4.642e+02	1.000e-03	2.591e-01	3.860e+00	8.902e+00	1.276e+01	1.589e+02	2.092e+01	2.924e+01	1.636e+03	-4.859e-01	1.205e+01	2.636e-01	vapor	1.397e+00
4.659e+02	1.000e-03	2.581e-01	3.874e+00	8.936e+00	1.281e+01	1.590e+02	2.092e+01	2.924e+01	1.639e+03	-4.870e-01	1.208e+01	2.643e-01	vapor	1.397e+00
4.675e+02	1.000e-03	2.572e-01	3.887e+00	8.971e+00	1.286e+01	1.591e+02	2.092e+01	2.924e+01	1.642e+03	-4.880e-01	1.211e+01	2.651e-01	vapor	1.397e+00
4.692e+02	1.000e-03	2.563e-01	3.901e+00	9.005e+00	1.291e+01	1.592e+02	2.092e+01	2.924e+01	1.644e+03	-4.891e-01	1.213e+01	2.659e-01	vapor	1.397e+00
4.708e+02	1.000e-03	2.555e-01	3.915e+00	9.040e+00	1.295e+01	1.593e+02	2.093e+01	2.924e+01	1.647e+03	-4.901e-01	1.216e+01	2.666e-01	vapor	1.397e+00
4.725e+02	1.000e-03	2.546e-01	3.928e+00	9.074e+00	1.300e+01	1.594e+02	2.093e+01	2.924e+01	1.650e+03	-4.912e-01	1.219e+01	2.674e-01	vapor	1.397e+00
4.741e+02	1.000e-03	2.537e-01	3.942e+00	9.108e+00	1.305e+01	1.595e+02	2.093e+01	2.924e+01	1.653e+03	-4.922e-01	1.222e+01	2.682e-01	vapor	1.397e+00
4.758e+02	1.000e-03	2.528e-01	3.956e+00	9.143e+00	1.310e+01	1.596e+02	2.093e+01	2.924e+01	1.656e+03	-4.932e-01	1.225e+01	2.690e-01	vapor	1.397e+00
4.774e+02	1.000e-03	2.519e-01	3.969e+00	9.177e+00	1.315e+01	1.597e+02	2.093e+01	2.924e+01	1.659e+03	-4.942e-01	1.228e+01	2.697e-01	vapor	1.397e+00
4.790e+02	1.000e-03	2.511e-01	3.983e+00	9.211e+00	1.319e+01	1.598e+02	2.093e+01	2.924e+01	1.662e+03	-4.952e-01	1.231e+01	2.705e-01	vapor	1.397e+00
4.807e+02	1.000e-03	2.502e-01	3.997e+00	9.246e+00	1.324e+01	1.599e+02	2.093e+01	2.925e+01	1.664e+03	-4.962e-01	1.234e+01	2.713e-01	vapor	1.397e+00
4.823e+02	1.000e-03	2.494e-01	4.010e+00	9.280e+00	1.329e+01	1.600e+02	2.093e+01	2.925e+01	1.667e+03	-4.972e-01	1.237e+01	2.721e-01	vapor	1.397e+00
4.840e+02	1.000e-03	2.485e-01	4.024e+00	9.315e+00	1.334e+01	1.601e+02	2.093e+01	2.925e+01	1.670e+03	-4.981e-01	1.239e+01	2.728e-01	vapor	1.397e+00
4.856e+02	1.000e-03	2.477e-01	4.038e+00	9.349e+00	1.339e+01	1.602e+02	2.093e+01	2.925e+01	1.673e+03	-4.991e-01	1.242e+01	2.736e-01	vapor	1.397e+00
4.873e+02	1.000e-03	2.468e-01	4.051e+00	9.383e+00	1.344e+01	1.603e+02	2.093e+01	2.925e+01	1.676e+03	-5.000e-01	1.245e+01	2.744e-01	vapor	1.397e+00
4.889e+02	1.000e-03	2.460e-01	4.065e+00	9.418e+00	1.348e+01	1.604e+02	2.093e+01	2.925e+01	1.678e+03	-5.010e-01	1.248e+01	2.752e-01	vapor	1.397e+00
4.905e+02	1.000e-03	2.452e-01	4.079e+00	9.452e+00	1.353e+01	1.605e+02	2.093e+01	2.925e+01	1.681e+03	-5.019e-01	1.251e+01	2.759e-01	vapor	1.397e+00
4.922e+02	1.000e-03	2.444e-01	4.092e+00	9.487e+00	1.358e+01	1.606e+02	2.094e+01	2.925e+01	1.684e+03	-5.028e-01	1.254e+01	2.767e-01	vapor	1.397e+00
4.938e+02	1.000e-03	2.435e-01	4.106e+00	9.521e+00	1.363e+01	1.607e+02	2.094e+01	2.925e+01	1.687e+03	-5.038e-01	1.256e+01	2.775e-01	vapor	1.397e+00
4.955e+02	1.000e-03	2.427e-01	4.120e+00	9.555e+00	1.368e+01	1.608e+02	2.094e+01	2.925e+01	1.690e+03	-5.047e-01	1.259e+01	2.783e-01	vapor	1.397e+00
4.971e+02	1.000e-03	2.419e-01	4.133e+00	9.590e+00	1.372e+01	1.609e+02	2.094e+01	2.925e+01	1.692e+03	-5.056e-01	1.262e+01	2.791e-01	vapor	1.397e+00
4.988e+02	1.000e-03	2.411e-01	4.147e+00	9.624e+00	1.377e+01	1.610e+02	2.094e+01	2.925e+01	1.695e+03	-5.064e-01	1.265e+01	2.798e-01	vapor	1.397e+00
5.004e+02	1.000e-03	2.404e-01	4.161e+00	9.659e+00	1.382e+01	1.611e+02	2.094e+01	2.925e+01	1.698e+03	-5.073e-01	1.268e+01	2.806e-01	vapor	1.397e+00
5.021e+02	1.000e-03	2.396e-01	4.174e+00	9.693e+00	1.387e+01	1.612e+02	2.094e+01	2.926e+01	1.701e+03	-5.082e-01	1.271e+01	2.814e-01	vapor	1.397e+00
5.037e+02	1.000e-03	2.388e-01	4.188e+00	9.727e+00	1.391e+01	1.613e+02	2.094e+01	2.926e+01	1.704e+03	-5.091e-01	1.273e+01	2.822e-01	vapor	1.397e+00
5.053e+02	1.000e-03	2.380e-01	4.202e+00	9.762e+00	1.396e+01	1.614e+02	2.094e+01	2.926e+01	1.706e+03	-5.099e-01	1.276e+01	2.829e-01	vapor	1.397e+00
5.070e+02	1.000e-03	2.372e-01	4.215e+00	9.796e+00	1.401e+01	1.615e+02	2.094e+01	2.926e+01	1.709e+03	-5.108e-01	1.279e+01	2.837e-01	vapor	1.397e+00
5.086e+02	1.000e-03	2.365e-01	4.229e+00	9.831e+00	1.406e+01	1.616e+02	2.095e+01	2.926e+01	1.712e+03	-5.116e-01	1.282e+01	2.845e-01	vapor	1.397e+00
5.103e+02	1.000e-03	2.357e-01	4.243e+00	9.865e+00	1.411e+01	1.617e+02	2.095e+01	2.926e+01	1.715e+03	-5.125e-01	1.285e+01	2.853e-01	vapor	1.397e+00
5.119e+02	1.000e-03	2.349e-01	4.256e+00	9.900e+00	1.416e+01	1.618e+02	2.095e+01	2.926e+01	1.717e+03	-5.133e-01	1.287e+01	2.860e-01	vapor	1.397e+00
5.135e+02	1.000e-03	2.342e-01	4.270e+00	9.934e+00	1.420e+01	1.618e+02	2.095e+01	2.926e+01	1.720e+03	-5.141e-01	1.290e+01	2.868e-01	vapor	1.397e+00
5.152e+02	1.000e-03	2.334e-01	4.284e+00	9.969e+00	1.425e+01	1.619e+02	2.095e+01	2.926e+01	1.723e+03	-5.149e-01	1.293e+01	2.876e-01	vapor	1.397e+00
5.168e+02	1.000e-03	2.327e-01	4.297e+00	1.000e+01	1.430e+01	1.620e+02	2.095e+01	2.926e+01	1.726e+03	-5.157e-01	1.296e+01	2.884e-01	vapor	1.397e+00
5.185e+02	1.000e-03	2.320e-01	4.311e+00	1.004e+01	1.435e+01	1.621e+02	2.095e+01	2.927e+01	1.728e+03	-5.165e-01	1.299e+01	2.892e-01	vapor	1.397e+00
5.201e+02	1.000e-03	2.312e-01	4.325e+00	1.007e+01	1.440e+01	1.622e+02	2.095e+01	2.927e+01	1.731e+03	-5.173e-01	1.301e+01	2.899e-01	vapor	1.397e+00
5.218e+02	1.000e-03	2.305e-01	4.338e+00	1.011e+01	1.444e+01	1.623e+02	2.095e+01	2.927e+01	1.734e+03	-5.181e-01	1.304e+01	2.907e-01	vapor	1.397e+00
5.234e+02	1.000e-03	2.298e-01	4.352e+00	1.014e+01	1.449e+01	1.624e+02	2.095e+01	2.927e+01	1.736e+03	-5.189e-01	1.307e+01	2.915e-01	vapor	1.397e+00
5.251e+02	1.000e-03	2.291e-01	4.366e+00	1.018e+01	1.454e+01	1.625e+02	2.095e+01	2.927e+01	1.739e+03	-5.197e-01	1.310e+01	2.923e-01	vapor	1.397e+00
5.267e+02	1.000e-03	2.283e-01	4.379e+00	1.021e+01	1.459e+01	1.626e+02	2.096e+01	2.927e+01	1.742e+03	-5.204e-01	1.312e+01	2.930e-01	vapor	1.397e+00
5.283e+02	1.000e-03	2.276e-01	4.393e+00	1.024e+01	1.464e+01	1.627e+02	2.096e+01	2.927e+01	1.745e+03	-5.212e-01	1.315e+01	2.938e-01	vapor	1.397e+00
5.300e+02	1.000e-03	2.269e-01	4.407e+00	1.028e+01	1.469e+01	1.628e+02	2.096e+01	2.927e+01	1.747e+03	-5.219e-01	1.318e+01	2.946e-01	vapor	1.397e+00
5.316e+02	1.000e-03	2.262e-01	4.420e+00	1.031e+01	1.473e+01	1.628e+02	2.096e+01	2.927e+01	1.750e+03	-5.227e-01	1.321e+01	2.954e-01	vapor	1.397e+00
5.333e+02	1.000e-03	2.255e-01	4.434e+00	1.035e+01	1.478e+01	1.629e+02	2.096e+01	2.927e+01	1.753e+03	-5.234e-01	1.324e+01	2.962e-01	vapor	1.397e+00
5.349e+02	1.000e-03	2.248e-01	4.448e+00	1.038e+01	1.483e+01	1.630e+02	2.096e+01	2.927e+01	1.755e+03	-5.242e-01	1.326e+01	2.969e-01	vapor	1.397e+00
5.366e+02	1.000e-03	2.241e-01	4.461e+00	1.042e+01	1.488e+01	1.631e+02	2.096e+01	2.928e+01	1.758e+03	-5.249e-01	1.329e+01	2.977e-01	vapor	1.397e+00
5.382e+02	1.000e-03	2.235e-01	4.475e+00	1.045e+01	1.493e+01	1.632e+02	2.096e+01	2.928e+01	1.761e+03	-5.256e-01	1.332e+01	2.985e-01	vapor	1.397e+00
5.399e+02	1.000e-03	2.228e-01	4.489e+00	1.048e+01	1.497e+01	1.633e+02	2.096e+01	2.928e+01	1.763e+03	-5.263e-01	1.335e+01	2.993e-01	vapor	1.397e+00
5.415e+02	1.000e-03	2.221e-01	4.502e+00	1.052e+01	1.502e+01	1.634e+02	2.096e+01	2.928e+01	1.766e+03	-5.270e-01	1.337e+01	3.001e-01	vapor	1.397e+00
5.431e+02	1.000e-03	2.214e-01	4.516e+00	1.055e+01	1.507e+01	1.635e+02	2.097e+01	2.928e+01	1.769e+03	-5.277e-01	1.340e+01	3.009e-01	vapor	1.397e+00
5.448e+02	1.000e-03	2.208e-01	4.529e+00	1.059e+01	1.512e+01	1.636e+02	2.097e+01	2.928e+01	1.771e+03	-5.284e-01	1.343e+01	3.016e-01	vapor	1.397e+00
5.464e+02	1.000e-03	2.201e-01	4.543e+00	1.062e+01	1.517e+01	1.637e+02	2.097e+01	2.928e+01	1.774e+03	-5.291e-01	1.346e+01	3.024e-01	vapor	1.396e+00
5.481e+02	1.000e-03	2.195e-01	4.557e+00	1.066e+01	1.521e+01	1.638e+02	2.097e+01	2.928e+01	1.777e+03	-5.298e-01	1.348e+01	3.032e-01	vapor	1.396e+00
5.497e+02	1.000e-03	2.188e-01	4.571e+00	1.069e+01	1.526e+01	1.638e+02	2.097e+01	2.929e+01	1.779e+03	-5.304e-01	1.351e+01	3.040e-01	vapor	1.396e+00
5.514e+02	1.000e-03	2.181e-01	4.584e+00	1.073e+01	1.531e+01	1.639e+02	2.097e+01	2.929e+01	1.782e+03	-5.311e-01	1.354e+01	3.048e-01	vapor	1.396e+00
5.530e+02	1.000e-03	2.175e-01	4.598e+00	1.076e+01	1.536e+01	1.640e+02	2.097e+01	2.929e+01	1.785e+03	-5.318e-01	1.356e+01	3.055e-01	vapor	1.396e+00
5.546e+02	1.000e-03	2.168e-01	4.612e+00	1.079e+01	1.541e+01	1.641e+02	2.098e+01	2.929e+01	1.787e+03	-5.324e-01	1.359e+01	3.063e-01	vapor	1.396e+00
5.563e+02	1.000e-03	2.162e-01	4.625e+00	1.083e+01	1.546e+01	1.642e+02	2.098e+01	2.929e+01	1.790e+03	-5.331e-01	1.362e+01	3.071e-01	vapor	1.396e+00
5.579e+02	1.000e-03	2.156e-01	4.639e+00	1.086e+01	1.550e+01	1.643e+02	2.098e+01	2.929e+01	1.792e+03	-5.337e-01	1.365e+01	3.079e-01	vapor	1.396e+00
5.596e+02	1.000e-03	2.149e-01	4.652e+00	1.090e+01	1.555e+01	1.643e+02	2.098e+01	2.929e+01	1.795e+03	-5.344e-01	1.368e+01	3.087e-01	vapor	1.396e+00
5.612e+02	1.000e-03	2.143e-01	4.666e+00	1.093e+01	1.560e+01	1.644e+02	2.098e+01	2.929e+01	1.798e+03	-5.350e-01	1.370e+01	3.095e-01	vapor	1.396e+00
5.629e+02	1.000e-03	2.137e-01	4.680e+00	1.097e+01	1.565e+01	1.645e+02	2.098e+01	2.930e+01	1.800e+03	-5.356e-01	1.373e+01	3.103e-01	vapor	1.396e+00
5.645e+02	1.000e-03	2.131e-01	4.694e+00	1.100e+01	1.570e+01	1.646e+02	2.098e+01	2.930e+01	1.803e+03	-5.363e-01	1.376e+01	3.110e-01	vapor	1.396e+00
5.661e+02	1.000e-03	2.124e-01	4.707e+00	1.104e+01	1.574e+01	1.647e+02	2.098e+01	2.930e+01	1.806e+03	-5.369e-01	1.378e+01	3.118e-01	vapor	1.396e+00
5.678e+02	1.000e-03	2.118e-01	4.721e+00	1.107e+01	1.579e+01	1.648e+02	2.098e+01	2.930e+01	1.808e+03	-5.375e-01	1.381e+01	3.126e-01	vapor	1.396e+00
5.694e+02	1.000e-03	2.112e-01	4.734e+00	1.111e+01	1.584e+01	1.649e+02	2.099e+01	2.930e+01	1.811e+03	-5.381e-01	1.384e+01	3.134e-01	vapor	1.396e+00
5.711e+02	1.000e-03	2.106e-01	4.748e+00	1.114e+01	1.589e+01	1.649e+02	2.099e+01	2.930e+01	1.813e+03	-5.387e-01	1.387e+01	3.142e-01	vapor	1.396e+00
5.727e+02	1.000e-03	2.100e-01	4.762e+00	1.118e+01	1.594e+01	1.650e+02	2.099e+01	2.930e+01	1.816e+03	-5.393e-01	1.389e+01	3.150e-01	vapor	1.396e+00
5.744e+02	1.000e-03	2.094e-01	4.776e+00	1.121e+01	1.598e+01	1.651e+02	2.099e+01	2.930e+01	1.819e+03	-5.399e-01	1.392e+01	3.157e-01	vapor	1.396e+00
5.760e+02	1.000e-03	2.088e-01	4.789e+00	1.124e+01	1.603e+01	1.652e+02	2.099e+01	2.931e+01	1.821e+03	-5.405e-01	1.395e+01	3.165e-01	vapor	1.396e+00
5.776e+02	1.000e-03	2.082e-01	4.803e+00	1.128e+01	1.608e+01	1.653e+02	2.099e+01	2.931e+01	1.824e+03	-5.411e-01	1.397e+01	3.173e-01	vapor	1.396e+00
5.793e+02	1.000e-03	2.076e-01	4.816e+00	1.131e+01	1.613e+01	1.654e+02	2.100e+01	2.931e+01	1.826e+03	-5.416e-01	1.400e+01	3.181e-01	vapor	1.396e+00
5.809e+02	1.000e-03	2.070e-01	4.830e+00	1.135e+01	1.618e+01	1.654e+02	2.100e+01	2.931e+01	1.829e+03	-5.422e-01	1.403e+01	3.189e-01	vapor	1.396e+00
5.826e+02	1.000e-03	2.064e-01	4.844e+00	1.138e+01	1.623e+01	1.655e+02	2.100e+01	2.931e+01	1.831e+03	-5.427e-01	1.405e+01	3.197e-01	vapor	1.396e+00
5.842e+02	1.000e-03	2.059e-01	4.857e+00	1.142e+01	1.627e+01	1.656e+02	2.100e+01	2.931e+01	1.834e+03	-5.433e-01	1.408e+01	3.204e-01	vapor	1.396e+00
5.859e+02	1.000e-03	2.053e-01	4.871e+00	1.145e+01	1.632e+01	1.657e+02	2.100e+01	2.932e+01	1.837e+03	-5.439e-01	1.411e+01	3.212e-01	vapor	1.396e+00
5.875e+02	1.000e-03	2.047e-01	4.885e+00	1.148e+01	1.637e+01	1.658e+02	2.100e+01	2.932e+01	1.839e+03	-5.444e-01	1.413e+01	3.220e-01	vapor	1.396e+00
5.891e+02	1.000e-03	2.041e-01	4.899e+00	1.152e+01	1.642e+01	1.659e+02	2.100e+01	2.932e+01	1.842e+03	-5.450e-01	1.416e+01	3.228e-01	vapor	1.396e+00
5.908e+02	1.000e-03	2.036e-01	4.912e+00	1.155e+01	1.647e+01	1.659e+02	2.100e+01	2.932e+01	1.844e+03	-5.455e-01	1.419e+01	3.236e-01	vapor	1.396e+00
5.924e+02	1.000e-03	2.030e-01	4.926e+00	1.159e+01	1.651e+01	1.660e+02	2.101e+01	2.932e+01	1.847e+03	-5.460e-01	1.421e+01	3.244e-01	vapor	1.396e+00
5.941e+02	1.000e-03	2.024e-01	4.939e+00	1.162e+01	1.656e+01	1.661e+02	2.101e+01	2.932e+01	1.849e+03	-5.466e-01	1.424e+01	3.252e-01	vapor	1.396e+00
5.957e+02	1.000e-03	2.019e-01	4.953e+00	1.166e+01	1.661e+01	1.662e+02	2.101e+01	2.932e+01	1.852e+03	-5.471e-01	1.427e+01	3.260e-01	vapor	1.396e+00
5.974e+02	1.000e-03	2.013e-01	4.967e+00	1.169e+01	1.666e+01	1.663e+02	2.101e+01	2.933e+01	1.854e+03	-5.476e-01	1.429e+01	3.267e-01	vapor	1.396e+00
5.990e+02	1.000e-03	2.008e-01	4.981e+00	1.173e+01	1.671e+01	1.663e+02	2.101e+01	2.933e+01	1.857e+03	-5.481e-01	1.432e+01	3.275e-01	vapor	1.396e+00
6.006e+02	1.000e-03	2.002e-01	4.994e+00	1.176e+01	1.675e+01	1.664e+02	2.102e+01	2.933e+01	1.859e+03	-5.486e-01	1.435e+01	3.283e-01	vapor	1.396e+00
6.023e+02	1.000e-03	1.997e-01	5.008e+00	1.180e+01	1.680e+01	1.665e+02	2.102e+01	2.933e+01	1.862e+03	-5.491e-01	1.437e+01	3.291e-01	vapor	1.396e+00
6.039e+02	1.000e-03	1.991e-01	5.021e+00	1.183e+01	1.685e+01	1.666e+02	2.102e+01	2.933e+01	1.864e+03	-5.496e-01	1.440e+01	3.299e-01	vapor	1.396e+00
6.056e+02	1.000e-03	1.986e-01	5.035e+00	1.187e+01	1.690e+01	1.667e+02	2.102e+01	2.933e+01	1.867e+03	-5.501e-01	1.443e+01	3.307e-01	vapor	1.396e+00
6.072e+02	1.000e-03	1.981e-01	5.049e+00	1.190e+01	1.695e+01	1.668e+02	2.102e+01	2.934e+01	1.870e+03	-5.506e-01	1.445e+01	3.315e-01	vapor	1.395e+00
6.089e+02	1.000e-03	1.975e-01	5.062e+00	1.193e+01	1.700e+01	1.668e+02	2.102e+01	2.934e+01	1.872e+03	-5.511e-01	1.448e+01	3.322e-01	vapor	1.396e+00
6.105e+02	1.000e-03	1.970e-01	5.076e+00	1.197e+01	1.705e+01	1.669e+02	2.102e+01	2.934e+01	1.874e+03	-5.516e-01	1.451e+01	3.330e-01	vapor	1.395e+00
6.122e+02	1.000e-03	1.965e-01	5.090e+00	1.200e+01	1.709e+01	1.670e+02	2.103e+01	2.934e+01	1.877e+03	-5.521e-01	1.453e+01	3.338e-01	vapor	1.395e+00
6.138e+02	1.000e-03	1.960e-01	5.103e+00	1.204e+01	1.714e+01	1.671e+02	2.103e+01	2.934e+01	1.880e+03	-5.525e-01	1.456e+01	3.346e-01	vapor	1.395e+00
6.154e+02	1.000e-03	1.954e-01	5.117e+00	1.207e+01	1.719e+01	1.671e+02	2.103e+01	2.934e+01	1.882e+03	-5.530e-01	1.459e+01	3.354e-01	vapor	1.395e+00
6.171e+02	1.000e-03	1.949e-01	5.131e+00	1.211e+01	1.724e+01	1.672e+02	2.103e+01	2.935e+01	1.884e+03	-5.535e-01	1.461e+01	3.362e-01	vapor	1.395e+00
6.187e+02	1.000e-03	1.944e-01	5.144e+00	1.214e+01	1.729e+01	1.673e+02	2.103e+01	2.935e+01	1.887e+03	-5.540e-01	1.464e+01	3.370e-01	vapor	1.395e+00
6.204e+02	1.000e-03	1.939e-01	5.158e+00	1.218e+01	1.733e+01	1.674e+02	2.104e+01	2.935e+01	1.889e+03	-5.544e-01	1.467e+01	3.378e-01	vapor	1.395e+00
6.220e+02	1.000e-03	1.934e-01	5.172e+00	1.221e+01	1.738e+01	1.675e+02	2.104e+01	2.935e+01	1.892e+03	-5.549e-01	1.469e+01	3.386e-01	vapor	1.395e+00
6.237e+02	1.000e-03	1.928e-01	5.185e+00	1.224e+01	1.743e+01	1.675e+02	2.104e+01	2.935e+01	1.894e+03	-5.553e-01	1.472e+01	3.393e-01	vapor	1.395e+00
6.253e+02	1.000e-03	1.923e-01	5.199e+00	1.228e+01	1.748e+01	1.676e+02	2.104e+01	2.936e+01	1.897e+03	-5.557e-01	1.474e+01	3.401e-01	vapor	1.395e+00
6.270e+02	1.000e-03	1.918e-01	5.213e+00	1.231e+01	1.753e+01	1.677e+02	2.104e+01	2.936e+01	1.899e+03	-5.562e-01	1.477e+01	3.409e-01	vapor	1.395e+00
6.286e+02	1.000e-03	1.913e-01	5.226e+00	1.235e+01	1.757e+01	1.678e+02	2.105e+01	2.936e+01	1.902e+03	-5.566e-01	1.480e+01	3.417e-01	vapor	1.395e+00
6.302e+02	1.000e-03	1.908e-01	5.240e+00	1.238e+01	1.762e+01	1.678e+02	2.105e+01	2.936e+01	1.904e+03	-5.571e-01	1.482e+01	3.425e-01	vapor	1.395e+00
6.319e+02	1.000e-03	1.903e-01	5.254e+00	1.242e+01	1.767e+01	1.679e+02	2.105e+01	2.936e+01	1.907e+03	-5.575e-01	1.485e+01	3.433e-01	vapor	1.395e+00
6.335e+02	1.000e-03	1.898e-01	5.267e+00	1.245e+01	1.772e+01	1.680e+02	2.105e+01	2.937e+01	1.909e+03	-5.579e-01	1.488e+01	3.441e-01	vapor	1.395e+00
6.352e+02	1.000e-03	1.894e-01	5.281e+00	1.249e+01	1.777e+01	1.681e+02	2.105e+01	2.937e+01	1.912e+03	-5.583e-01	1.490e+01	3.449e-01	vapor	1.395e+00
6.368e+02	1.000e-03	1.889e-01	5.295e+00	1.252e+01	1.782e+01	1.682e+02	2.105e+01	2.937e+01	1.914e+03	-5.587e-01	1.493e+01	3.457e-01	vapor	1.395e+00
6.385e+02	1.000e-03	1.884e-01	5.308e+00	1.256e+01	1.786e+01	1.682e+02	2.106e+01	2.937e+01	1.916e+03	-5.592e-01	1.495e+01	3.465e-01	vapor	1.395e+00
6.401e+02	1.000e-03	1.879e-01	5.322e+00	1.259e+01	1.791e+01	1.683e+02	2.106e+01	2.937e+01	1.919e+03	-5.596e-01	1.498e+01	3.473e-01	vapor	1.395e+00
6.417e+02	1.000e-03	1.874e-01	5.336e+00	1.263e+01	1.796e+01	1.684e+02	2.106e+01	2.938e+01	1.921e+03	-5.600e-01	1.501e+01	3.481e-01	vapor	1.395e+00
6.434e+02	1.000e-03	1.869e-01	5.349e+00	1.266e+01	1.801e+01	1.684e+02	2.106e+01	2.938e+01	1.924e+03	-5.604e-01	1.503e+01	3.488e-01	vapor	1.395e+00
6.450e+02	1.000e-03	1.865e-01	5.363e+00	1.270e+01	1.806e+01	1.685e+02	2.107e+01	2.938e+01	1.926e+03	-5.608e-01	1.506e+01	3.496e-01	vapor	1.395e+00
6.467e+02	1.000e-03	1.860e-01	5.377e+00	1.273e+01	1.811e+01	1.686e+02	2.107e+01	2.938e+01	1.929e+03	-5.612e-01	1.509e+01	3.504e-01	vapor	1.395e+00
6.483e+02	1.000e-03	1.855e-01	5.390e+00	1.276e+01	1.815e+01	1.687e+02	2.107e+01	2.938e+01	1.931e+03	-5.616e-01	1.511e+01	3.512e-01	vapor	1.395e+00
6.500e+02	1.000e-03	1.850e-01	5.404e+00	1.280e+01	1.820e+01	1.688e+02	2.107e+01	2.939e+01	1.934e+03	-5.619e-01	1.514e+01	3.520e-01	vapor	1.395e+00
6.516e+02	1.000e-03	1.846e-01	5.418e+00	1.283e+01	1.825e+01	1.688e+02	2.107e+01	2.939e+01	1.936e+03	-5.623e-01	1.516e+01	3.528e-01	vapor	1.395e+00
6.532e+02	1.000e-03	1.841e-01	5.431e+00	1.287e+01	1.830e+01	1.689e+02	2.108e+01	2.939e+01	1.938e+03	-5.627e-01	1.519e+01	3.536e-01	vapor	1.395e+00
6.549e+02	1.000e-03	1.837e-01	5.445e+00	1.290e+01	1.835e+01	1.690e+02	2.108e+01	2.939e+01	1.941e+03	-5.631e-01	1.521e+01	3.544e-01	vapor	1.394e+00
6.565e+02	1.000e-03	1.832e-01	5.459e+00	1.294e+01	1.840e+01	1.690e+02	2.108e+01	2.939e+01	1.943e+03	-5.635e-01	1.524e+01	3.552e-01	vapor	1.394e+00
6.582e+02	1.000e-03	1.827e-01	5.472e+00	1.297e+01	1.844e+01	1.691e+02	2.108e+01	2.940e+01	1.946e+03	-5.638e-01	1.527e+01	3.560e-01	vapor	1.394e+00
6.598e+02	1.000e-03	1.823e-01	5.486e+00	1.301e+01	1.849e+01	1.692e+02	2.109e+01	2.940e+01	1.948e+03	-5.642e-01	1.529e+01	3.568e-01	vapor	1.394e+00
6.615e+02	1.000e-03	1.818e-01	5.500e+00	1.304e+01	1.854e+01	1.693e+02	2.109e+01	2.940e+01	1.950e+03	-5.645e-01	1.532e+01	3.576e-01	vapor	1.394e+00
6.631e+02	1.000e-03	1.814e-01	5.513e+00	1.308e+01	1.859e+01	1.693e+02	2.109e+01	2.940e+01	1.953e+03	-5.649e-01	1.534e+01	3.584e-01	vapor	1.394e+00
6.648e+02	1.000e-03	1.809e-01	5.527e+00	1.311e+01	1.864e+01	1.694e+02	2.109e+01	2.941e+01	1.955e+03	-5.653e-01	1.537e+01	3.592e-01	vapor	1.394e+00
6.664e+02	1.000e-03	1.805e-01	5.541e+00	1.314e+01	1.869e+01	1.695e+02	2.109e+01	2.941e+01	1.958e+03	-5.656e-01	1.540e+01	3.599e-01	vapor	1.394e+00
6.680e+02	1.000e-03	1.800e-01	5.554e+00	1.318e+01	1.873e+01	1.696e+02	2.110e+01	2.941e+01	1.960e+03	-5.659e-01	1.542e+01	3.607e-01	vapor	1.394e+00
6.697e+02	1.000e-03	1.796e-01	5.568e+00	1.321e+01	1.878e+01	1.696e+02	2.110e+01	2.941e+01	1.962e+03	-5.663e-01	1.545e+01	3.615e-01	vapor	1.394e+00
6.713e+02	1.000e-03	1.792e-01	5.582e+00	1.325e+01	1.883e+01	1.697e+02	2.110e+01	2.942e+01	1.965e+03	-5.666e-01	1.547e+01	3.623e-01	vapor	1.394e+00
6.730e+02	1.000e-03	1.787e-01	5.595e+00	1.328e+01	1.888e+01	1.698e+02	2.110e+01	2.942e+01	1.967e+03	-5.670e-01	1.550e+01	3.631e-01	vapor	1.394e+00
6.746e+02	1.000e-03	1.783e-01	5.609e+00	1.332e+01	1.893e+01	1.698e+02	2.111e+01	2.942e+01	1.969e+03	-5.673e-01	1.552e+01	3.639e-01	vapor	1.394e+00
6.762e+02	1.000e-03	1.779e-01	5.623e+00	1.335e+01	1.898e+01	1.699e+02	2.111e+01	2.942e+01	1.972e+03	-5.676e-01	1.555e+01	3.647e-01	vapor	1.394e+00
6.779e+02	1.000e-03	1.774e-01	5.636e+00	1.339e+01	1.902e+01	1.700e+02	2.111e+01	2.943e+01	1.974e+03	-5.680e-01	1.558e+01	3.655e-01	vapor	1.394e+00
6.795e+02	1.000e-03	1.770e-01	5.650e+00	1.342e+01	1.907e+01	1.701e+02	2.111e+01	2.943e+01	1.976e+03	-5.683e-01	1.560e+01	3.663e-01	vapor	1.394e+00
6.812e+02	1.000e-03	1.766e-01	5.664e+00	1.346e+01	1.912e+01	1.701e+02	2.112e+01	2.943e+01	1.979e+03	-5.686e-01	1.563e+01	3.671e-01	vapor	1.394e+00
6.828e+02	1.000e-03	1.761e-01	5.677e+00	1.349e+01	1.917e+01	1.702e+02	2.112e+01	2.943e+01	1.981e+03	-5.689e-01	1.565e+01	3.679e-01	vapor	1.394e+00
6.845e+02	1.000e-03	1.757e-01	5.691e+00	1.353e+01	1.922e+01	1.703e+02	2.112e+01	2.943e+01	1.984e+03	-5.692e-01	1.568e+01	3.687e-01	vapor	1.394e+00
6.861e+02	1.000e-03	1.753e-01	5.705e+00	1.356e+01	1.927e+01	1.703e+02	2.112e+01	2.944e+01	1.986e+03	-5.696e-01	1.570e+01	3.695e-01	vapor	1.394e+00
6.878e+02	1.000e-03	1.749e-01	5.718e+00	1.360e+01	1.931e+01	1.704e+02	2.113e+01	2.944e+01	1.988e+03	-5.699e-01	1.573e+01	3.703e-01	vapor	1.394e+00
6.894e+02	1.000e-03	1.745e-01	5.732e+00	1.363e+01	1.936e+01	1.705e+02	2.113e+01	2.944e+01	1.990e+03	-5.702e-01	1.576e+01	3.711e-01	vapor	1.394e+00
6.910e+02	1.000e-03	1.740e-01	5.746e+00	1.367e+01	1.941e+01	1.706e+02	2.113e+01	2.945e+01	1.993e+03	-5.705e-01	1.578e+01	3.719e-01	vapor	1.393e+00
6.927e+02	1.000e-03	1.736e-01	5.759e+00	1.370e+01	1.946e+01	1.706e+02	2.113e+01	2.945e+01	1.995e+03	-5.708e-01	1.581e+01	3.727e-01	vapor	1.393e+00
6.943e+02	1.000e-03	1.732e-01	5.773e+00	1.373e+01	1.951e+01	1.707e+02	2.114e+01	2.945e+01	1.998e+03	-5.711e-01	1.583e+01	3.735e-01	vapor	1.393e+00
6.960e+02	1.000e-03	1.728e-01	5.787e+00	1.377e+01	1.956e+01	1.708e+02	2.114e+01	2.945e+01	2.000e+03	-5.714e-01	1.586e+01	3.743e-01	vapor	1.393e+00
6.976e+02	1.000e-03	1.724e-01	5.800e+00	1.380e+01	1.961e+01	1.708e+02	2.114e+01	2.946e+01	2.002e+03	-5.716e-01	1.588e+01	3.751e-01	vapor	1.393e+00
6.993e+02	1.000e-03	1.720e-01	5.814e+00	1.384e+01	1.965e+01	1.709e+02	2.114e+01	2.946e+01	2.004e+03	-5.719e-01	1.591e+01	3.759e-01	vapor	1.393e+00
7.009e+02	1.000e-03	1.716e-01	5.828e+00	1.387e+01	1.970e+01	1.710e+02	2.115e+01	2.946e+01	2.007e+03	-5.722e-01	1.593e+01	3.767e-01	vapor	1.393e+00
7.025e+02	1.000e-03	1.712e-01	5.841e+00	1.391e+01	1.975e+01	1.710e+02	2.115e+01	2.946e+01	2.009e+03	-5.725e-01	1.596e+01	3.775e-01	vapor	1.393e+00
7.042e+02	1.000e-03	1.708e-01	5.855e+00	1.394e+01	1.980e+01	1.711e+02	2.115e+01	2.947e+01	2.012e+03	-5.728e-01	1.598e+01	3.783e-01	vapor	1.393e+00
7.058e+02	1.000e-03	1.704e-01	5.869e+00	1.398e+01	1.985e+01	1.712e+02	2.115e+01	2.947e+01	2.014e+03	-5.731e-01	1.601e+01	3.790e-01	vapor	1.393e+00
7.075e+02	1.000e-03	1.700e-01	5.882e+00	1.401e+01	1.989e+01	1.712e+02	2.116e+01	2.947e+01	2.016e+03	-5.733e-01	1.604e+01	3.799e-01	vapor	1.393e+00
7.091e+02	1.000e-03	1.696e-01	5.896e+00	1.405e+01	1.994e+01	1.713e+02	2.116e+01	2.947e+01	2.018e+03	-5.736e-01	1.606e+01	3.806e-01	vapor	1.393e+00
7.108e+02	1.000e-03	1.692e-01	5.910e+00	1.408e+01	1.999e+01	1.714e+02	2.116e+01	2.948e+01	2.021e+03	-5.739e-01	1.609e+01	3.815e-01	vapor	1.393e+00
7.124e+02	1.000e-03	1.688e-01	5.923e+00	1.412e+01	2.004e+01	1.714e+02	2.116e+01	2.948e+01	2.023e+03	-5.741e-01	1.611e+01	3.822e-01	vapor	1.393e+00
7.140e+02	1.000e-03	1.684e-01	5.937e+00	1.415e+01	2.009e+01	1.715e+02	2.117e+01	2.948e+01	2.025e+03	-5.744e-01	1.614e+01	3.831e-01	vapor	1.393e+00
7.157e+02	1.000e-03	1.681e-01	5.951e+00	1.419e+01	2.014e+01	1.716e+02	2.117e+01	2.949e+01	2.028e+03	-5.746e-01	1.616e+01	3.839e-01	vapor	1.393e+00
7.173e+02	1.000e-03	1.677e-01	5.964e+00	1.422e+01	2.019e+01	1.717e+02	2.117e+01	2.949e+01	2.030e+03	-5.749e-01	1.619e+01	3.846e-01	vapor	1.393e+00
7.190e+02	1.000e-03	1.673e-01	5.978e+00	1.426e+01	2.023e+01	1.717e+02	2.118e+01	2.949e+01	2.032e+03	-5.752e-01	1.621e+01	3.855e-01	vapor	1.393e+00
7.206e+02	1.000e-03	1.669e-01	5.992e+00	1.429e+01	2.028e+01	1.718e+02	2.118e+01	2.949e+01	2.034e+03	-5.754e-01	1.624e+01	3.862e-01	vapor	1.393e+00
7.223e+02	1.000e-03	1.665e-01	6.005e+00	1.433e+01	2.033e+01	1.718e+02	2.118e+01	2.950e+01	2.037e+03	-5.757e-01	1.626e+01	3.871e-01	vapor	1.392e+00
7.239e+02	1.000e-03	1.661e-01	6.019e+00	1.436e+01	2.038e+01	1.719e+02	2.118e+01	2.950e+01	2.039e+03	-5.759e-01	1.629e+01	3.878e-01	vapor	1.392e+00
7.255e+02	1.000e-03	1.658e-01	6.033e+00	1.440e+01	2.043e+01	1.720e+02	2.119e+01	2.950e+01	2.041e+03	-5.761e-01	1.631e+01	3.886e-01	vapor	1.392e+00
7.272e+02	1.000e-03	1.654e-01	6.046e+00	1.443e+01	2.048e+01	1.721e+02	2.119e+01	2.951e+01	2.044e+03	-5.764e-01	1.634e+01	3.895e-01	vapor	1.392e+00
7.288e+02	1.000e-03	1.650e-01	6.060e+00	1.446e+01	2.052e+01	1.721e+02	2.119e+01	2.951e+01	2.046e+03	-5.766e-01	1.636e+01	3.902e-01	vapor	1.392e+00
7.305e+02	1.000e-03	1.646e-01	6.074e+00	1.450e+01	2.057e+01	1.722e+02	2.120e+01	2.951e+01	2.048e+03	-5.768e-01	1.639e+01	3.911e-01	vapor	1.392e+00
7.321e+02	1.000e-03	1.643e-01	6.087e+00	1.454e+01	2.062e+01	1.722e+02	2.120e+01	2.952e+01	2.050e+03	-5.771e-01	1.641e+01	3.918e-01	vapor	1.392e+00
7.338e+02	1.000e-03	1.639e-01	6.101e+00	1.457e+01	2.067e+01	1.723e+02	2.120e+01	2.952e+01	2.053e+03	-5.773e-01	1.644e+01	3.926e-01	vapor	1.392e+00
7.354e+02	1.000e-03	1.635e-01	6.115e+00	1.461e+01	2.072e+01	1.724e+02	2.121e+01	2.952e+01	2.055e+03	-5.775e-01	1.646e+01	3.935e-01	vapor	1.392e+00
7.371e+02	1.000e-03	1.632e-01	6.128e+00	1.464e+01	2.077e+01	1.724e+02	2.121e+01	2.952e+01	2.057e+03	-5.778e-01	1.649e+01	3.942e-01	vapor	1.392e+00
7.387e+02	1.000e-03	1.628e-01	6.142e+00	1.468e+01	2.082e+01	1.725e+02	2.121e+01	2.953e+01	2.059e+03	-5.780e-01	1.651e+01	3.951e-01	vapor	1.392e+00
7.403e+02	1.000e-03	1.625e-01	6.156e+00	1.471e+01	2.086e+01	1.726e+02	2.121e+01	2.953e+01	2.062e+03	-5.782e-01	1.654e+01	3.959e-01	vapor	1.392e+00
7.420e+02	1.000e-03	1.621e-01	6.169e+00	1.474e+01	2.091e+01	1.727e+02	2.122e+01	2.953e+01	2.064e+03	-5.784e-01	1.656e+01	3.967e-01	vapor	1.392e+00
7.436e+02	1.000e-03	1.617e-01	6.183e+00	1.478e+01	2.096e+01	1.727e+02	2.122e+01	2.954e+01	2.066e+03	-5.786e-01	1.659e+01	3.975e-01	vapor	1.392e+00
7.453e+02	1.000e-03	1.614e-01	6.197e+00	1.481e+01	2.101e+01	1.728e+02	2.123e+01	2.954e+01	2.068e+03	-5.788e-01	1.661e+01	3.983e-01	vapor	1.392e+00
7.469e+02	1.000e-03	1.610e-01	6.210e+00	1.485e+01	2.106e+01	1.728e+02	2.123e+01	2.954e+01	2.070e+03	-5.791e-01	1.664e+01	3.991e-01	vapor	1.392e+00
7.486e+02	1.000e-03	1.607e-01	6.224e+00	1.488e+01	2.111e+01	1.729e+02	2.123e+01	2.955e+01	2.073e+03	-5.793e-01	1.666e+01	3.999e-01	vapor	1.392e+00
7.502e+02	1.000e-03	1.603e-01	6.238e+00	1.492e+01	2.116e+01	1.730e+02	2.123e+01	2.955e+01	2.075e+03	-5.795e-01	1.669e+01	4.007e-01	vapor	1.392e+00
7.519e+02	1.000e-03	1.600e-01	6.251e+00	1.495e+01	2.120e+01	1.730e+02	2.124e+01	2.955e+01	2.077e+03	-5.797e-01	1.671e+01	4.015e-01	vapor	1.392e+00
7.535e+02	1.000e-03	1.596e-01	6.265e+00	1.499e+01	2.125e+01	1.731e+02	2.124e+01	2.955e+01	2.080e+03	-5.799e-01	1.674e+01	4.023e-01	vapor	1.391e+00
7.551e+02	1.000e-03	1.593e-01	6.279e+00	1.502e+01	2.130e+01	1.732e+02	2.124e+01	2.956e+01	2.082e+03	-5.801e-01	1.676e+01	4.031e-01	vapor	1.391e+00
7.568e+02	1.000e-03	1.589e-01	6.292e+00	1.506e+01	2.135e+01	1.732e+02	2.125e+01	2.956e+01	2.084e+03	-5.803e-01	1.679e+01	4.039e-01	vapor	1.391e+00
7.584e+02	1.000e-03	1.586e-01	6.306e+00	1.509e+01	2.140e+01	1.733e+02	2.125e+01	2.957e+01	2.086e+03	-5.805e-01	1.681e+01	4.047e-01	vapor	1.391e+00
7.601e+02	1.000e-03	1.582e-01	6.319e+00	1.513e+01	2.145e+01	1.734e+02	2.125e+01	2.957e+01	2.088e+03	-5.806e-01	1.684e+01	4.055e-01	vapor	1.391e+00
7.617e+02	1.000e-03	1.579e-01	6.333e+00	1.516e+01	2.150e+01	1.734e+02	2.126e+01	2.957e+01	2.090e+03	-5.808e-01	1.686e+01	4.063e-01	vapor	1.391e+00
7.634e+02	1.000e-03	1.576e-01	6.347e+00	1.520e+01	2.155e+01	1.735e+02	2.126e+01	2.957e+01	2.093e+03	-5.810e-01	1.689e+01	4.071e-01	vapor	1.391e+00
7.650e+02	1.000e-03	1.572e-01	6.361e+00	1.523e+01	2.159e+01	1.736e+02	2.126e+01	2.958e+01	2.095e+03	-5.812e-01	1.691e+01	4.079e-01	vapor	1.391e+00
7.666e+02	1.000e-03	1.569e-01	6.374e+00	1.527e+01	2.164e+01	1.736e+02	2.127e+01	2.958e+01	2.097e+03	-5.814e-01	1.693e+01	4.087e-01	vapor	1.391e+00
7.683e+02	1.000e-03	1.565e-01	6.388e+00	1.530e+01	2.169e+01	1.737e+02	2.127e+01	2.959e+01	2.099e+03	-5.816e-01	1.696e+01	4.095e-01	vapor	1.391e+00
7.699e+02	1.000e-03	1.562e-01	6.402e+00	1.534e+01	2.174e+01	1.737e+02	2.127e+01	2.959e+01	2.102e+03	-5.817e-01	1.698e+01	4.103e-01	vapor	1.391e+00
7.716e+02	1.000e-03	1.559e-01	6.415e+00	1.537e+01	2.179e+01	1.738e+02	2.128e+01	2.959e+01	2.104e+03	-5.819e-01	1.701e+01	4.111e-01	vapor	1.391e+00
7.732e+02	1.000e-03	1.555e-01	6.429e+00	1.541e+01	2.184e+01	1.739e+02	2.128e+01	2.959e+01	2.106e+03	-5.821e-01	1.703e+01	4.119e-01	vapor	1.391e+00
7.749e+02	1.000e-03	1.552e-01	6.442e+00	1.544e+01	2.189e+01	1.739e+02	2.128e+01	2.960e+01	2.108e+03	-5.823e-01	1.706e+01	4.127e-01	vapor	1.391e+00
7.765e+02	1.000e-03	1.549e-01	6.456e+00	1.548e+01	2.193e+01	1.740e+02	2.129e+01	2.960e+01	2.110e+03	-5.824e-01	1.708e+01	4.135e-01	vapor	1.391e+00
7.781e+02	1.000e-03	1.546e-01	6.470e+00	1.551e+01	2.198e+01	1.741e+02	2.129e+01	2.961e+01	2.112e+03	-5.826e-01	1.711e+01	4.143e-01	vapor	1.390e+00
7.798e+02	1.000e-03	1.542e-01	6.484e+00	1.555e+01	2.203e+01	1.741e+02	2.129e+01	2.961e+01	2.115e+03	-5.827e-01	1.713e+01	4.152e-01	vapor	1.390e+00
7.814e+02	1.000e-03	1.539e-01	6.497e+00	1.558e+01	2.208e+01	1.742e+02	2.130e+01	2.961e+01	2.117e+03	-5.829e-01	1.716e+01	4.160e-01	vapor	1.390e+00
7.831e+02	1.000e-03	1.536e-01	6.511e+00	1.562e+01	2.213e+01	1.742e+02	2.130e+01	2.962e+01	2.119e+03	-5.831e-01	1.718e+01	4.168e-01	vapor	1.390e+00
7.847e+02	1.000e-03	1.533e-01	6.524e+00	1.565e+01	2.218e+01	1.743e+02	2.130e+01	2.962e+01	2.121e+03	-5.832e-01	1.721e+01	4.176e-01	vapor	1.390e+00
7.864e+02	1.000e-03	1.530e-01	6.538e+00	1.569e+01	2.223e+01	1.744e+02	2.131e+01	2.962e+01	2.123e+03	-5.834e-01	1.723e+01	4.184e-01	vapor	1.390e+00
7.880e+02	1.000e-03	1.526e-01	6.552e+00	1.572e+01	2.227e+01	1.744e+02	2.131e+01	2.963e+01	2.126e+03	-5.835e-01	1.725e+01	4.192e-01	vapor	1.390e+00
7.896e+02	1.000e-03	1.523e-01	6.566e+00	1.576e+01	2.232e+01	1.745e+02	2.132e+01	2.963e+01	2.128e+03	-5.837e-01	1.728e+01	4.200e-01	vapor	1.390e+00
7.913e+02	1.000e-03	1.520e-01	6.579e+00	1.579e+01	2.237e+01	1.746e+02	2.132e+01	2.963e+01	2.130e+03	-5.838e-01	1.730e+01	4.208e-01	vapor	1.390e+00
7.929e+02	1.000e-03	1.517e-01	6.593e+00	1.583e+01	2.242e+01	1.746e+02	2.132e+01	2.964e+01	2.132e+03	-5.840e-01	1.733e+01	4.216e-01	vapor	1.390e+00
7.946e+02	1.000e-03	1.514e-01	6.606e+00	1.586e+01	2.247e+01	1.747e+02	2.133e+01	2.964e+01	2.134e+03	-5.841e-01	1.735e+01	4.224e-01	vapor	1.390e+00
7.962e+02	1.000e-03	1.510e-01	6.620e+00	1.590e+01	2.252e+01	1.747e+02	2.133e+01	2.964e+01	2.136e+03	-5.843e-01	1.738e+01	4.232e-01	vapor	1.390e+00
7.979e+02	1.000e-03	1.507e-01	6.634e+00	1.593e+01	2.257e+01	1.748e+02	2.133e+01	2.965e+01	2.138e+03	-5.844e-01	1.740e+01	4.240e-01	vapor	1.390e+00
7.995e+02	1.000e-03	1.504e-01	6.647e+00	1.597e+01	2.262e+01	1.749e+02	2.134e+01	2.965e+01	2.141e+03	-5.846e-01	1.743e+01	4.248e-01	vapor	1.390e+00
8.011e+02	1.000e-03	1.501e-01	6.661e+00	1.600e+01	2.266e+01	1.749e+02	2.134e+01	2.966e+01	2.143e+03	-5.847e-01	1.745e+01	4.256e-01	vapor	1.390e+00
8.028e+02	1.000e-03	1.498e-01	6.675e+00	1.604e+01	2.271e+01	1.750e+02	2.134e+01	2.966e+01	2.145e+03	-5.848e-01	1.748e+01	4.265e-01	vapor	1.390e+00
8.044e+02	1.000e-03	1.495e-01	6.689e+00	1.607e+01	2.276e+01	1.750e+02	2.135e+01	2.966e+01	2.147e+03	-5.850e-01	1.750e+01	4.273e-01	vapor	1.389e+00
8.061e+02	1.000e-03	1.492e-01	6.702e+00	1.611e+01	2.281e+01	1.751e+02	2.135e+01	2.967e+01	2.149e+03	-5.851e-01	1.752e+01	4.281e-01	vapor	1.389e+00
8.077e+02	1.000e-03	1.489e-01	6.716e+00	1.614e+01	2.286e+01	1.752e+02	2.136e+01	2.967e+01	2.151e+03	-5.852e-01	1.755e+01	4.289e-01	vapor	1.389e+00
8.094e+02	1.000e-03	1.486e-01	6.729e+00	1.618e+01	2.291e+01	1.752e+02	2.136e+01	2.967e+01	2.154e+03	-5.854e-01	1.757e+01	4.297e-01	vapor	1.389e+00
8.110e+02	1.000e-03	1.483e-01	6.743e+00	1.621e+01	2.296e+01	1.753e+02	2.136e+01	2.968e+01	2.156e+03	-5.855e-01	1.760e+01	4.305e-01	vapor	1.389e+00
8.126e+02	1.000e-03	1.480e-01	6.757e+00	1.625e+01	2.301e+01	1.753e+02	2.137e+01	2.968e+01	2.158e+03	-5.856e-01	1.762e+01	4.313e-01	vapor	1.389e+00
8.143e+02	1.000e-03	1.477e-01	6.771e+00	1.628e+01	2.305e+01	1.754e+02	2.137e+01	2.969e+01	2.160e+03	-5.857e-01	1.765e+01	4.321e-01	vapor	1.389e+00
8.159e+02	1.000e-03	1.474e-01	6.784e+00	1.632e+01	2.310e+01	1.755e+02	2.138e+01	2.969e+01	2.162e+03	-5.858e-01	1.767e+01	4.329e-01	vapor	1.389e+00
8.176e+02	1.000e-03	1.471e-01	6.798e+00	1.635e+01	2.315e+01	1.755e+02	2.138e+01	2.969e+01	2.164e+03	-5.859e-01	1.769e+01	4.337e-01	vapor	1.389e+00
8.192e+02	1.000e-03	1.468e-01	6.811e+00	1.639e+01	2.320e+01	1.756e+02	2.138e+01	2.970e+01	2.166e+03	-5.861e-01	1.772e+01	4.345e-01	vapor	1.389e+00
8.209e+02	1.000e-03	1.465e-01	6.825e+00	1.642e+01	2.325e+01	1.756e+02	2.139e+01	2.970e+01	2.168e+03	-5.862e-01	1.774e+01	4.354e-01	vapor	1.389e+00
8.225e+02	1.000e-03	1.462e-01	6.839e+00	1.646e+01	2.330e+01	1.757e+02	2.139e+01	2.970e+01	2.170e+03	-5.863e-01	1.777e+01	4.362e-01	vapor	1.389e+00
8.242e+02	1.000e-03	1.459e-01	6.852e+00	1.650e+01	2.335e+01	1.758e+02	2.139e+01	2.971e+01	2.173e+03	-5.864e-01	1.779e+01	4.370e-01	vapor	1.389e+00
8.258e+02	1.000e-03	1.456e-01	6.866e+00	1.653e+01	2.340e+01	1.758e+02	2.140e+01	2.971e+01	2.175e+03	-5.865e-01	1.782e+01	4.378e-01	vapor	1.389e+00
8.274e+02	1.000e-03	1.454e-01	6.880e+00	1.657e+01	2.345e+01	1.759e+02	2.140e+01	2.972e+01	2.177e+03	-5.866e-01	1.784e+01	4.386e-01	vapor	1.389e+00
8.291e+02	1.000e-03	1.451e-01	6.893e+00	1.660e+01	2.349e+01	1.759e+02	2.141e+01	2.972e+01	2.179e+03	-5.867e-01	1.786e+01	4.394e-01	vapor	1.388e+00
8.307e+02	1.000e-03	1.448e-01	6.907e+00	1.664e+01	2.354e+01	1.760e+02	2.141e+01	2.973e+01	2.181e+03	-5.868e-01	1.789e+01	4.402e-01	vapor	1.388e+00
8.324e+02	1.000e-03	1.445e-01	6.921e+00	1.667e+01	2.359e+01	1.761e+02	2.141e+01	2.973e+01	2.183e+03	-5.869e-01	1.791e+01	4.410e-01	vapor	1.388e+00
8.340e+02	1.000e-03	1.442e-01	6.934e+00	1.671e+01	2.364e+01	1.761e+02	2.142e+01	2.973e+01	2.185e+03	-5.870e-01	1.794e+01	4.419e-01	vapor	1.388e+00
8.357e+02	1.000e-03	1.439e-01	6.948e+00	1.674e+01	2.369e+01	1.762e+02	2.142e+01	2.974e+01	2.187e+03	-5.871e-01	1.796e+01	4.427e-01	vapor	1.388e+00
8.373e+02	1.000e-03	1.436e-01	6.962e+00	1.678e+01	2.374e+01	1.762e+02	2.143e+01	2.974e+01	2.189e+03	-5.872e-01	1.798e+01	4.435e-01	vapor	1.388e+00
8.390e+02	1.000e-03	1.434e-01	6.975e+00	1.681e+01	2.379e+01	1.763e+02	2.143e+01	2.975e+01	2.192e+03	-5.873e-01	1.801e+01	4.443e-01	vapor	1.388e+00
8.406e+02	1.000e-03	1.431e-01	6.989e+00	1.685e+01	2.384e+01	1.763e+02	2.143e+01	2.975e+01	2.194e+03	-5.874e-01	1.803e+01	4.451e-01	vapor	1.388e+00
8.422e+02	1.000e-03	1.428e-01	7.003e+00	1.688e+01	2.389e+01	1.764e+02	2.144e+01	2.975e+01	2.196e+03	-5.875e-01	1.806e+01	4.459e-01	vapor	1.388e+00
8.439e+02	1.000e-03	1.425e-01	7.016e+00	1.692e+01	2.393e+01	1.765e+02	2.144e+01	2.976e+01	2.198e+03	-5.876e-01	1.808e+01	4.467e-01	vapor	1.388e+00
8.455e+02	1.000e-03	1.422e-01	7.030e+00	1.695e+01	2.398e+01	1.765e+02	2.145e+01	2.976e+01	2.200e+03	-5.877e-01	1.810e+01	4.475e-01	vapor	1.388e+00
8.472e+02	1.000e-03	1.420e-01	7.044e+00	1.699e+01	2.403e+01	1.766e+02	2.145e+01	2.977e+01	2.202e+03	-5.878e-01	1.813e+01	4.484e-01	vapor	1.388e+00
8.488e+02	1.000e-03	1.417e-01	7.057e+00	1.702e+01	2.408e+01	1.766e+02	2.145e+01	2.977e+01	2.204e+03	-5.878e-01	1.815e+01	4.492e-01	vapor	1.388e+00
8.505e+02	1.000e-03	1.414e-01	7.071e+00	1.706e+01	2.413e+01	1.767e+02	2.146e+01	2.977e+01	2.206e+03	-5.879e-01	1.818e+01	4.500e-01	vapor	1.387e+00
8.521e+02	1.000e-03	1.411e-01	7.085e+00	1.709e+01	2.418e+01	1.768e+02	2.146e+01	2.978e+01	2.208e+03	-5.880e-01	1.820e+01	4.508e-01	vapor	1.387e+00
8.537e+02	1.000e-03	1.409e-01	7.098e+00	1.713e+01	2.423e+01	1.768e+02	2.147e+01	2.978e+01	2.210e+03	-5.881e-01	1.822e+01	4.516e-01	vapor	1.387e+00
8.554e+02	1.000e-03	1.406e-01	7.112e+00	1.716e+01	2.428e+01	1.769e+02	2.147e+01	2.979e+01	2.212e+03	-5.882e-01	1.825e+01	4.524e-01	vapor	1.387e+00
8.570e+02	1.000e-03	1.403e-01	7.126e+00	1.720e+01	2.432e+01	1.769e+02	2.148e+01	2.979e+01	2.214e+03	-5.883e-01	1.827e+01	4.532e-01	vapor	1.387e+00
8.587e+02	1.000e-03	1.401e-01	7.139e+00	1.723e+01	2.437e+01	1.770e+02	2.148e+01	2.980e+01	2.216e+03	-5.883e-01	1.830e+01	4.541e-01	vapor	1.387e+00
8.603e+02	1.000e-03	1.398e-01	7.153e+00	1.727e+01	2.442e+01	1.770e+02	2.148e+01	2.980e+01	2.218e+03	-5.884e-01	1.832e+01	4.549e-01	vapor	1.387e+00
8.620e+02	1.000e-03	1.395e-01	7.167e+00	1.730e+01	2.447e+01	1.771e+02	2.149e+01	2.980e+01	2.220e+03	-5.885e-01	1.834e+01	4.557e-01	vapor	1.387e+00
8.636e+02	1.000e-03	1.393e-01	7.180e+00	1.734e+01	2.452e+01	1.772e+02	2.149e+01	2.981e+01	2.222e+03	-5.885e-01	1.837e+01	4.565e-01	vapor	1.387e+00
8.652e+02	1.000e-03	1.390e-01	7.194e+00	1.738e+01	2.457e+01	1.772e+02	2.150e+01	2.981e+01	2.225e+03	-5.886e-01	1.839e+01	4.573e-01	vapor	1.387e+00
8.669e+02	1.000e-03	1.387e-01	7.208e+00	1.741e+01	2.462e+01	1.773e+02	2.150e+01	2.982e+01	2.227e+03	-5.887e-01	1.841e+01	4.581e-01	vapor	1.387e+00
8.685e+02	1.000e-03	1.385e-01	7.221e+00	1.745e+01	2.467e+01	1.773e+02	2.151e+01	2.982e+01	2.229e+03	-5.887e-01	1.844e+01	4.589e-01	vapor	1.387e+00
8.702e+02	1.000e-03	1.382e-01	7.235e+00	1.748e+01	2.472e+01	1.774e+02	2.151e+01	2.983e+01	2.231e+03	-5.888e-01	1.846e+01	4.597e-01	vapor	1.387e+00
8.718e+02	1.000e-03	1.380e-01	7.249e+00	1.752e+01	2.477e+01	1.774e+02	2.152e+01	2.983e+01	2.233e+03	-5.889e-01	1.849e+01	4.606e-01	vapor	1.386e+00
8.735e+02	1.000e-03	1.377e-01	7.262e+00	1.755e+01	2.482e+01	1.775e+02	2.152e+01	2.984e+01	2.235e+03	-5.889e-01	1.851e+01	4.614e-01	vapor	1.386e+00
8.751e+02	1.000e-03	1.374e-01	7.276e+00	1.759e+01	2.486e+01	1.775e+02	2.152e+01	2.984e+01	2.237e+03	-5.890e-01	1.853e+01	4.622e-01	vapor	1.386e+00
8.767e+02	1.000e-03	1.372e-01	7.290e+00	1.762e+01	2.491e+01	1.776e+02	2.153e+01	2.984e+01	2.239e+03	-5.890e-01	1.856e+01	4.630e-01	vapor	1.386e+00
8.784e+02	1.000e-03	1.369e-01	7.303e+00	1.766e+01	2.496e+01	1.777e+02	2.153e+01	2.985e+01	2.241e+03	-5.891e-01	1.858e+01	4.638e-01	vapor	1.386e+00
8.800e+02	1.000e-03	1.367e-01	7.317e+00	1.769e+01	2.501e+01	1.777e+02	2.154e+01	2.985e+01	2.243e+03	-5.891e-01	1.861e+01	4.647e-01	vapor	1.386e+00
8.817e+02	1.000e-03	1.364e-01	7.331e+00	1.773e+01	2.506e+01	1.778e+02	2.154e+01	2.986e+01	2.245e+03	-5.892e-01	1.863e+01	4.655e-01	vapor	1.386e+00
8.833e+02	1.000e-03	1.362e-01	7.344e+00	1.777e+01	2.511e+01	1.778e+02	2.155e+01	2.986e+01	2.247e+03	-5.893e-01	1.865e+01	4.663e-01	vapor	1.386e+00
8.850e+02	1.000e-03	1.359e-01	7.358e+00	1.780e+01	2.516e+01	1.779e+02	2.155e+01	2.987e+01	2.249e+03	-5.893e-01	1.868e+01	4.671e-01	vapor	1.386e+00
8.866e+02	1.000e-03	1.356e-01	7.372e+00	1.784e+01	2.521e+01	1.779e+02	2.156e+01	2.987e+01	2.251e+03	-5.894e-01	1.870e+01	4.679e-01	vapor	1.386e+00
8.882e+02	1.000e-03	1.354e-01	7.385e+00	1.787e+01	2.526e+01	1.780e+02	2.156e+01	2.988e+01	2.253e+03	-5.894e-01	1.872e+01	4.687e-01	vapor	1.386e+00
8.899e+02	1.000e-03	1.351e-01	7.399e+00	1.791e+01	2.531e+01	1.780e+02	2.157e+01	2.988e+01	2.255e+03	-5.894e-01	1.875e+01	4.696e-01	vapor	1.386e+00
8.915e+02	1.000e-03	1.349e-01	7.413e+00	1.794e+01	2.536e+01	1.781e+02	2.157e+01	2.988e+01	2.257e+03	-5.895e-01	1.877e+01	4.704e-01	vapor	1.385e+00
8.932e+02	1.000e-03	1.347e-01	7.426e+00	1.798e+01	2.540e+01	1.782e+02	2.157e+01	2.989e+01	2.259e+03	-5.895e-01	1.879e+01	4.712e-01	vapor	1.385e+00
8.948e+02	1.000e-03	1.344e-01	7.440e+00	1.801e+01	2.545e+01	1.782e+02	2.158e+01	2.989e+01	2.261e+03	-5.896e-01	1.882e+01	4.720e-01	vapor	1.385e+00
8.965e+02	1.000e-03	1.342e-01	7.454e+00	1.805e+01	2.550e+01	1.783e+02	2.158e+01	2.990e+01	2.263e+03	-5.896e-01	1.884e+01	4.728e-01	vapor	1.385e+00
8.981e+02	1.000e-03	1.339e-01	7.467e+00	1.808e+01	2.555e+01	1.783e+02	2.159e+01	2.990e+01	2.265e+03	-5.897e-01	1.886e+01	4.736e-01	vapor	1.385e+00
8.998e+02	1.000e-03	1.337e-01	7.481e+00	1.812e+01	2.560e+01	1.784e+02	2.159e+01	2.991e+01	2.267e+03	-5.897e-01	1.889e+01	4.745e-01	vapor	1.385e+00
9.014e+02	1.000e-03	1.334e-01	7.495e+00	1.816e+01	2.565e+01	1.784e+02	2.160e+01	2.991e+01	2.269e+03	-5.897e-01	1.891e+01	4.753e-01	vapor	1.385e+00
9.030e+02	1.000e-03	1.332e-01	7.508e+00	1.819e+01	2.570e+01	1.785e+02	2.160e+01	2.992e+01	2.271e+03	-5.898e-01	1.893e+01	4.761e-01	vapor	1.385e+00
9.047e+02	1.000e-03	1.329e-01	7.522e+00	1.823e+01	2.575e+01	1.785e+02	2.161e+01	2.992e+01	2.273e+03	-5.898e-01	1.896e+01	4.769e-01	vapor	1.385e+00
9.063e+02	1.000e-03	1.327e-01	7.536e+00	1.826e+01	2.580e+01	1.786e+02	2.161e+01	2.993e+01	2.275e+03	-5.898e-01	1.898e+01	4.777e-01	vapor	1.385e+00
9.080e+02	1.000e-03	1.325e-01	7.549e+00	1.830e+01	2.585e+01	1.786e+02	2.162e+01	2.993e+01	2.277e+03	-5.898e-01	1.900e+01	4.785e-01	vapor	1.385e+00
9.096e+02	1.000e-03	1.322e-01	7.563e+00	1.833e+01	2.589e+01	1.787e+02	2.162e+01	2.994e+01	2.279e+03	-5.899e-01	1.903e+01	4.794e-01	vapor	1.385e+00
9.113e+02	1.000e-03	1.320e-01	7.577e+00	1.837e+01	2.595e+01	1.788e+02	2.163e+01	2.994e+01	2.281e+03	-5.899e-01	1.905e+01	4.802e-01	vapor	1.384e+00
9.129e+02	1.000e-03	1.318e-01	7.590e+00	1.840e+01	2.599e+01	1.788e+02	2.163e+01	2.995e+01	2.283e+03	-5.899e-01	1.908e+01	4.810e-01	vapor	1.384e+00
9.145e+02	1.000e-03	1.315e-01	7.604e+00	1.844e+01	2.604e+01	1.789e+02	2.164e+01	2.995e+01	2.285e+03	-5.900e-01	1.910e+01	4.818e-01	vapor	1.384e+00
9.162e+02	1.000e-03	1.313e-01	7.618e+00	1.848e+01	2.609e+01	1.789e+02	2.164e+01	2.995e+01	2.287e+03	-5.900e-01	1.912e+01	4.827e-01	vapor	1.384e+00
9.178e+02	1.000e-03	1.310e-01	7.631e+00	1.851e+01	2.614e+01	1.790e+02	2.165e+01	2.996e+01	2.289e+03	-5.900e-01	1.915e+01	4.835e-01	vapor	1.384e+00
9.195e+02	1.000e-03	1.308e-01	7.645e+00	1.855e+01	2.619e+01	1.790e+02	2.165e+01	2.996e+01	2.291e+03	-5.900e-01	1.917e+01	4.843e-01	vapor	1.384e+00
9.211e+02	1.000e-03	1.306e-01	7.659e+00	1.858e+01	2.624e+01	1.791e+02	2.166e+01	2.997e+01	2.293e+03	-5.900e-01	1.919e+01	4.851e-01	vapor	1.384e+00
9.228e+02	1.000e-03	1.303e-01	7.672e+00	1.862e+01	2.629e+01	1.791e+02	2.166e+01	2.998e+01	2.295e+03	-5.901e-01	1.922e+01	4.859e-01	vapor	1.384e+00
9.244e+02	1.000e-03	1.301e-01	7.686e+00	1.865e+01	2.634e+01	1.792e+02	2.166e+01	2.998e+01	2.297e+03	-5.901e-01	1.924e+01	4.868e-01	vapor	1.384e+00
9.260e+02	1.000e-03	1.299e-01	7.700e+00	1.869e+01	2.639e+01	1.792e+02	2.167e+01	2.998e+01	2.299e+03	-5.901e-01	1.926e+01	4.876e-01	vapor	1.384e+00
9.277e+02	1.000e-03	1.296e-01	7.713e+00	1.872e+01	2.644e+01	1.793e+02	2.168e+01	2.999e+01	2.301e+03	-5.901e-01	1.929e+01	4.884e-01	vapor	1.384e+00
9.293e+02	1.000e-03	1.294e-01	7.727e+00	1.876e+01	2.649e+01	1.793e+02	2.168e+01	2.999e+01	2.303e+03	-5.901e-01	1.931e+01	4.892e-01	vapor	1.383e+00
9.310e+02	1.000e-03	1.292e-01	7.741e+00	1.880e+01	2.654e+01	1.794e+02	2.168e+01	3.000e+01	2.305e+03	-5.901e-01	1.933e+01	4.900e-01	vapor	1.383e+00
9.326e+02	1.000e-03	1.290e-01	7.754e+00	1.883e+01	2.659e+01	1.794e+02	2.169e+01	3.000e+01	2.307e+03	-5.901e-01	1.936e+01	4.909e-01	vapor	1.383e+00
9.343e+02	1.000e-03	1.287e-01	7.768e+00	1.887e+01	2.663e+01	1.795e+02	2.170e+01	3.001e+01	2.309e+03	-5.902e-01	1.938e+01	4.917e-01	vapor	1.383e+00
9.359e+02	1.000e-03	1.285e-01	7.782e+00	1.890e+01	2.668e+01	1.796e+02	2.170e+01	3.001e+01	2.311e+03	-5.902e-01	1.940e+01	4.925e-01	vapor	1.383e+00
9.375e+02	1.000e-03	1.283e-01	7.795e+00	1.894e+01	2.673e+01	1.796e+02	2.170e+01	3.002e+01	2.313e+03	-5.902e-01	1.943e+01	4.933e-01	vapor	1.383e+00
9.392e+02	1.000e-03	1.281e-01	7.809e+00	1.897e+01	2.678e+01	1.797e+02	2.171e+01	3.002e+01	2.314e+03	-5.902e-01	1.945e+01	4.941e-01	vapor	1.383e+00
9.408e+02	1.000e-03	1.278e-01	7.823e+00	1.901e+01	2.683e+01	1.797e+02	2.171e+01	3.003e+01	2.316e+03	-5.902e-01	1.947e+01	4.950e-01	vapor	1.383e+00
9.425e+02	1.000e-03	1.276e-01	7.836e+00	1.905e+01	2.688e+01	1.798e+02	2.172e+01	3.004e+01	2.318e+03	-5.902e-01	1.949e+01	4.958e-01	vapor	1.383e+00
9.441e+02	1.000e-03	1.274e-01	7.850e+00	1.908e+01	2.693e+01	1.798e+02	2.173e+01	3.004e+01	2.320e+03	-5.902e-01	1.952e+01	4.966e-01	vapor	1.383e+00
9.458e+02	1.000e-03	1.272e-01	7.864e+00	1.912e+01	2.698e+01	1.799e+02	2.173e+01	3.005e+01	2.322e+03	-5.902e-01	1.954e+01	4.975e-01	vapor	1.383e+00
9.474e+02	1.000e-03	1.270e-01	7.877e+00	1.915e+01	2.703e+01	1.799e+02	2.174e+01	3.005e+01	2.324e+03	-5.902e-01	1.956e+01	4.983e-01	vapor	1.382e+00
9.490e+02	1.000e-03	1.267e-01	7.891e+00	1.919e+01	2.708e+01	1.800e+02	2.174e+01	3.005e+01	2.326e+03	-5.902e-01	1.959e+01	4.991e-01	vapor	1.382e+00
9.507e+02	1.000e-03	1.265e-01	7.905e+00	1.922e+01	2.713e+01	1.800e+02	2.175e+01	3.006e+01	2.328e+03	-5.902e-01	1.961e+01	4.999e-01	vapor	1.382e+00
9.523e+02	1.000e-03	1.263e-01	7.918e+00	1.926e+01	2.718e+01	1.801e+02	2.175e+01	3.007e+01	2.330e+03	-5.902e-01	1.963e+01	5.007e-01	vapor	1.382e+00
9.540e+02	1.000e-03	1.261e-01	7.932e+00	1.930e+01	2.723e+01	1.801e+02	2.176e+01	3.007e+01	2.332e+03	-5.902e-01	1.966e+01	5.016e-01	vapor	1.382e+00
9.556e+02	1.000e-03	1.259e-01	7.946e+00	1.933e+01	2.728e+01	1.802e+02	2.176e+01	3.008e+01	2.334e+03	-5.902e-01	1.968e+01	5.024e-01	vapor	1.382e+00
9.573e+02	1.000e-03	1.256e-01	7.959e+00	1.937e+01	2.733e+01	1.802e+02	2.177e+01	3.008e+01	2.336e+03	-5.902e-01	1.970e+01	5.032e-01	vapor	1.382e+00
9.589e+02	1.000e-03	1.254e-01	7.973e+00	1.940e+01	2.738e+01	1.803e+02	2.177e+01	3.009e+01	2.338e+03	-5.902e-01	1.973e+01	5.040e-01	vapor	1.382e+00
9.606e+02	1.000e-03	1.252e-01	7.987e+00	1.944e+01	2.742e+01	1.803e+02	2.178e+01	3.009e+01	2.340e+03	-5.902e-01	1.975e+01	5.049e-01	vapor	1.382e+00
9.622e+02	1.000e-03	1.250e-01	8.000e+00	1.947e+01	2.747e+01	1.804e+02	2.178e+01	3.010e+01	2.342e+03	-5.901e-01	1.977e+01	5.057e-01	vapor	1.382e+00
9.639e+02	1.000e-03	1.248e-01	8.014e+00	1.951e+01	2.752e+01	1.804e+02	2.179e+01	3.010e+01	2.344e+03	-5.901e-01	1.979e+01	5.065e-01	vapor	1.382e+00
9.655e+02	1.000e-03	1.246e-01	8.027e+00	1.955e+01	2.757e+01	1.805e+02	2.179e+01	3.011e+01	2.346e+03	-5.901e-01	1.982e+01	5.073e-01	vapor	1.381e+00
9.671e+02	1.000e-03	1.244e-01	8.041e+00	1.958e+01	2.762e+01	1.805e+02	2.180e+01	3.011e+01	2.347e+03	-5.901e-01	1.984e+01	5.082e-01	vapor	1.381e+00
9.688e+02	1.000e-03	1.241e-01	8.055e+00	1.962e+01	2.767e+01	1.806e+02	2.180e+01	3.012e+01	2.349e+03	-5.901e-01	1.986e+01	5.090e-01	vapor	1.381e+00
9.704e+02	1.000e-03	1.239e-01	8.069e+00	1.965e+01	2.772e+01	1.806e+02	2.181e+01	3.012e+01	2.351e+03	-5.901e-01	1.989e+01	5.098e-01	vapor	1.381e+00
9.721e+02	1.000e-03	1.237e-01	8.082e+00	1.969e+01	2.777e+01	1.807e+02	2.181e+01	3.013e+01	2.353e+03	-5.901e-01	1.991e+01	5.106e-01	vapor	1.381e+00
9.737e+02	1.000e-03	1.235e-01	8.096e+00	1.972e+01	2.782e+01	1.807e+02	2.182e+01	3.013e+01	2.355e+03	-5.900e-01	1.993e+01	5.115e-01	vapor	1.381e+00
9.754e+02	1.000e-03	1.233e-01	8.110e+00	1.976e+01	2.787e+01	1.808e+02	2.182e+01	3.014e+01	2.357e+03	-5.900e-01	1.995e+01	5.123e-01	vapor	1.381e+00
9.770e+02	1.000e-03	1.231e-01	8.123e+00	1.980e+01	2.792e+01	1.808e+02	2.183e+01	3.014e+01	2.359e+03	-5.900e-01	1.998e+01	5.131e-01	vapor	1.381e+00
9.786e+02	1.000e-03	1.229e-01	8.137e+00	1.983e+01	2.797e+01	1.809e+02	2.184e+01	3.015e+01	2.361e+03	-5.900e-01	2.000e+01	5.140e-01	vapor	1.381e+00
9.803e+02	1.000e-03	1.227e-01	8.150e+00	1.987e+01	2.802e+01	1.809e+02	2.184e+01	3.016e+01	2.363e+03	-5.900e-01	2.002e+01	5.148e-01	vapor	1.381e+00
9.819e+02	1.000e-03	1.225e-01	8.164e+00	1.990e+01	2.807e+01	1.810e+02	2.185e+01	3.016e+01	2.365e+03	-5.899e-01	2.005e+01	5.156e-01	vapor	1.381e+00
9.836e+02	1.000e-03	1.223e-01	8.178e+00	1.994e+01	2.812e+01	1.811e+02	2.185e+01	3.017e+01	2.366e+03	-5.899e-01	2.007e+01	5.164e-01	vapor	1.380e+00
9.852e+02	1.000e-03	1.221e-01	8.191e+00	1.998e+01	2.817e+01	1.811e+02	2.186e+01	3.017e+01	2.368e+03	-5.899e-01	2.009e+01	5.173e-01	vapor	1.380e+00
9.869e+02	1.000e-03	1.219e-01	8.205e+00	2.001e+01	2.822e+01	1.812e+02	2.186e+01	3.018e+01	2.370e+03	-5.899e-01	2.011e+01	5.181e-01	vapor	1.380e+00
9.885e+02	1.000e-03	1.217e-01	8.219e+00	2.005e+01	2.827e+01	1.812e+02	2.187e+01	3.018e+01	2.372e+03	-5.898e-01	2.014e+01	5.189e-01	vapor	1.380e+00
9.901e+02	1.000e-03	1.215e-01	8.232e+00	2.008e+01	2.832e+01	1.812e+02	2.187e+01	3.019e+01	2.374e+03	-5.898e-01	2.016e+01	5.197e-01	vapor	1.380e+00
9.918e+02	1.000e-03	1.213e-01	8.246e+00	2.012e+01	2.837e+01	1.813e+02	2.188e+01	3.019e+01	2.376e+03	-5.898e-01	2.018e+01	5.206e-01	vapor	1.380e+00
9.934e+02	1.000e-03	1.211e-01	8.260e+00	2.016e+01	2.841e+01	1.813e+02	2.189e+01	3.020e+01	2.378e+03	-5.898e-01	2.020e+01	5.214e-01	vapor	1.380e+00
9.951e+02	1.000e-03	1.209e-01	8.274e+00	2.019e+01	2.846e+01	1.814e+02	2.189e+01	3.020e+01	2.380e+03	-5.897e-01	2.023e+01	5.222e-01	vapor	1.380e+00
9.967e+02	1.000e-03	1.207e-01	8.287e+00	2.023e+01	2.851e+01	1.814e+02	2.190e+01	3.021e+01	2.382e+03	-5.897e-01	2.025e+01	5.231e-01	vapor	1.380e+00
9.984e+02	1.000e-03	1.205e-01	8.301e+00	2.026e+01	2.856e+01	1.815e+02	2.190e+01	3.022e+01	2.383e+03	-5.897e-01	2.027e+01	5.239e-01	vapor	1.380e+00